216	12
215	13
214	13
213	12
212	12
211	11
210	12
209	11
208	12
207	12
206	11
205	10
204	9
203	8
202	7
201	6
200	5
199	6
199	7
198	8
197	7
196	7
195	7
195	6
196	7
197	8
198	9
199	10
200	10
201	11
202	11
203	12
204	13
205	14
205	15
206	16
207	16
208	17
209	18
210	19
210	20
211	21
212	22
213	23
214	24
215	25
216	25
217	26
217	27
218	28
217	29
218	30
218	31
217	32
216	33
215	34
214	34
213	33
212	32
211	33
210	32
209	31
208	31
207	31
206	31
205	31
204	30
203	29
202	30
201	29
200	28
199	27
199	26
198	26
197	27
196	26
195	26
194	26
193	25
192	24
191	23
192	23
193	24
194	24
195	24
196	24
197	24
198	25
199	25
200	25
201	25
202	25
203	26
204	26
205	26
205	27
204	27
201	25
200	24
199	23
198	22
197	22
196	21
196	20
197	19
196	18
195	17
195	16
194	15
193	14
192	13
191	13
191	12
190	11
189	10
188	11
187	10
186	9
185	9
185	8
186	7
187	7
188	6
189	6
190	7
191	8
192	9
193	10
194	11
195	12
196	12
197	13
198	14
198	15
199	16
199	17
200	18
201	18
202	19
202	20
203	21
204	22
205	23
206	23
207	24
208	24
208	25
209	26
210	26
211	27
212	28
213	29
213	28
214	28
214	29
214	30
214	31
214	32
214	33
214	34
214	35
214	36
214	37
214	38
214	39
214	40
214	41
215	40
216	41
216	42
217	43
218	44
217	45
217	46
216	47
215	48
214	48
213	49
212	50
211	49
210	48
209	48
208	47
209	46
208	45
207	44
206	43
206	42
205	41
204	40
203	39
202	40
201	41
200	41
199	42
198	43
197	44
196	45
195	46
194	47
193	48
192	48
191	47
190	47
189	48
188	49
187	50
186	51
185	50
184	51
183	50
182	49
181	48
181	47
180	46
179	45
178	44
177	43
176	43
175	42
174	41
173	41
172	40
171	39
170	39
169	39
168	39
169	38
170	37
171	37
172	37
173	38
174	37
175	37
176	36
177	36
178	37
179	38
180	39
181	40
181	41
182	40
183	41
184	42
184	43
185	44
186	43
187	44
188	43
189	42
190	41
191	40
192	41
195	38
194	39
193	40
194	39
197	40
197	39
196	38
195	37
194	36
194	35
193	34
193	33
194	32
195	31
196	32
197	33
197	34
198	35
199	36
200	36
201	35
202	34
203	35
204	34
205	35
206	36
207	37
208	38
209	39
210	40
211	39
212	39
213	39
214	38
215	37
216	38
217	37
218	36
219	35
219	36
220	37
221	38
222	39
223	40
224	41
225	42
226	41
227	40
226	39
225	38
225	37
224	36
223	35
222	34
222	33
221	32
220	31
220	30
221	31
222	32
223	33
224	33
225	34
226	35
227	35
228	36
229	37
230	38
231	38
232	39
233	40
233	41
234	40
235	41
235	40
236	39
237	38
238	37
238	36
239	35
240	34
241	34
242	33
243	33
244	32
244	31
245	30
245	29
246	28
247	28
248	27
249	26
250	25
250	24
251	23
252	22
253	21
253	20
254	19
253	18
252	17
252	16
251	15
250	14
249	13
249	12
248	11
247	10
246	9
245	8
244	7
243	6
242	5
241	4
240	3
239	2
240	3
241	4
242	5
243	5
244	4
245	4
246	3
247	3
248	2
249	1
250	1
251	2
252	3
253	3
254	2
255	2
256	3
256	4
255	5
256	6
255	7
256	8
255	9
256	10
256	11
255	12
256	13
255	13
254	13
253	13
252	14
251	14
250	14
249	14
248	14
247	14
246	14
245	15
244	15
243	15
242	15
241	15
241	16
240	17
241	18
242	19
239	18
238	17
237	16
237	15
235	14
234	13
233	12
232	11
231	11
230	10
230	9
229	9
228	8
227	7
226	6
227	6
228	5
229	4
230	3
231	4
232	3
233	3
234	3
235	4
236	5
236	6
237	7
238	8
238	9
238	10
239	11
240	11
241	11
242	12
243	13
243	14
244	14
244	15
245	16
246	17
247	18
248	18
247	19
245	20
244	21
243	22
242	23
241	24
240	25
239	24
238	23
237	23
236	22
237	21
236	20
235	20
234	19
233	20
232	19
231	18
230	17
229	16
228	15
227	16
226	17
226	18
227	19
226	20
227	21
228	22
229	23
230	23
231	24
232	25
233	26
234	25
234	26
234	27
235	28
236	29
237	30
236	31
237	32
236	33
235	32
234	32
233	31
232	30
231	29
230	28
229	27
228	26
227	27
226	27
225	26
224	26
223	26
221	27
221	26
222	25
223	25
224	25
224	24
223	23
223	22
222	21
221	24
220	24
219	23
218	22
217	21
215	18
214	17
216	18
217	19
218	20
221	20
220	19
220	18
221	17
222	16
223	15
224	14
223	13
224	12
223	11
222	10
221	9
221	8
222	7
223	6
224	5
225	5
224	4
223	3
222	2
221	1
220	1
219	1
218	2
217	2
216	2
215	2
214	1
213	2
212	3
211	4
210	5
210	6
209	7
208	7
207	7
206	6
205	5
204	5
203	4
202	5
201	4
200	3
199	2
198	1
197	1
196	1
195	2
195	1
194	1
193	2
192	3
191	4
190	4
189	3
188	4
187	3
186	3
185	3
184	4
183	5
182	6
181	7
180	7
179	6
178	5
178	4
177	3
177	2
176	1
175	2
174	3
173	2
172	1
171	2
170	3
169	3
168	4
167	5
168	6
169	7
169	8
170	9
170	10
171	11
172	12
172	13
173	14
174	15
175	15
176	15
177	16
178	15
179	16
179	17
180	17
180	18
181	18
182	19
182	20
182	21
183	20
184	21
185	20
186	19
187	20
188	21
185	22
186	23
187	24
187	25
188	26
189	26
190	27
191	28
191	27
189	22
190	21
190	20
191	19
191	18
190	17
189	16
189	15
188	15
187	14
186	15
185	15
185	14
184	14
183	13
182	12
182	11
181	10
180	11
179	11
178	10
177	9
176	8
175	7
174	8
173	8
172	9
171	10
169	9
168	9
167	9
166	9
165	8
165	7
164	6
163	5
162	4
161	4
160	3
159	4
158	5
158	6
157	6
156	7
155	7
154	7
153	8
154	9
155	10
156	11
157	12
158	13
159	13
160	13
161	12
160	10
159	9
160	8
161	10
162	11
162	12
163	12
164	13
165	13
165	14
166	15
167	15
168	14
169	14
170	15
171	15
171	16
170	17
170	18
170	19
170	20
170	21
169	22
169	23
169	24
168	25
167	25
166	26
165	27
164	28
163	27
162	28
162	27
161	26
160	26
159	25
158	24
157	24
156	24
157	23
160	24
161	23
162	23
163	23
164	22
165	22
164	23
163	24
162	25
162	26
161	27
160	28
160	29
159	30
158	31
157	32
157	33
157	34
158	35
158	36
159	37
160	38
160	39
161	39
162	40
163	40
164	40
165	41
164	41
163	41
159	40
158	39
157	40
156	39
155	40
154	39
153	38
152	37
152	36
152	35
152	34
151	33
152	32
151	31
150	31
149	30
148	29
147	28
146	27
146	28
145	29
144	30
143	31
142	32
142	33
143	34
143	35
144	34
145	33
146	33
146	34
147	35
147	36
148	37
148	38
149	39
150	40
151	41
152	41
153	42
154	42
155	43
156	44
157	44
158	43
159	44
160	44
161	45
162	44
163	45
164	46
165	45
166	44
167	43
168	43
169	43
169	44
170	44
171	43
172	44
171	45
172	46
171	47
172	48
173	49
174	50
175	51
176	51
176	52
177	52
176	53
177	54
178	55
179	56
180	57
181	58
182	59
183	60
184	61
185	62
186	63
187	64
186	63
186	62
185	61
184	60
184	59
183	58
183	57
182	56
181	55
181	54
180	53
180	52
181	53
182	55
183	56
184	57
185	57
186	56
187	57
187	56
188	55
189	56
190	57
191	58
192	59
193	60
194	61
195	62
196	63
197	64
198	65
198	66
199	67
199	68
198	69
197	70
196	71
195	72
192	69
191	69
190	70
189	71
188	72
187	73
186	72
185	71
184	70
183	69
182	69
181	68
180	67
179	66
178	65
177	64
176	64
176	65
176	66
176	67
176	68
177	69
177	70
177	71
177	72
177	73
176	74
175	75
174	75
173	75
172	74
171	74
170	74
170	73
169	73
168	73
167	72
166	71
166	70
165	69
166	68
167	67
168	66
169	65
170	64
171	65
172	66
173	67
174	68
174	69
175	70
176	69
178	70
179	71
180	71
180	72
180	73
181	74
180	75
181	76
182	76
183	77
183	78
184	79
183	80
184	81
185	81
186	82
187	81
188	82
189	81
190	82
191	81
192	82
192	83
192	84
193	85
194	86
195	86
196	87
197	87
198	87
199	88
200	88
201	89
202	89
203	90
204	90
205	89
205	90
206	91
206	92
207	93
208	93
209	94
209	95
209	96
210	96
211	96
210	95
211	94
211	93
212	92
213	91
212	90
211	89
210	89
209	88
208	87
209	86
208	85
207	84
206	83
205	83
204	84
203	84
202	85
201	86
200	85
199	84
198	83
199	82
198	81
198	80
197	79
196	79
195	78
194	78
193	78
192	77
191	77
190	77
191	76
192	75
191	74
192	73
193	72
194	71
193	70
194	69
195	68
196	67
195	67
194	67
193	67
192	66
191	65
190	65
189	65
188	64
187	63
186	64
185	65
184	64
183	65
182	64
182	63
181	62
180	62
179	62
178	62
177	61
176	60
175	60
173	58
171	56
170	57
169	56
168	55
167	54
166	53
165	53
164	54
163	55
162	56
161	56
160	55
159	54
158	53
157	52
156	51
155	51
154	50
153	51
152	52
151	53
150	53
149	52
148	51
148	50
147	49
147	48
146	47
146	46
145	45
144	44
143	43
144	42
143	41
142	40
141	39
140	38
139	37
139	36
138	35
137	35
136	34
135	33
134	32
133	31
132	30
131	30
130	29
129	28
128	27
127	27
126	26
126	25
125	24
125	23
124	22
123	21
122	20
121	20
122	19
123	19
124	18
125	18
126	19
127	20
128	21
129	21
130	23
130	22
130	21
130	20
131	20
132	20
133	21
132	22
133	23
133	24
134	25
135	25
136	26
137	27
138	28
139	29
140	29
141	30
142	29
143	28
144	27
143	26
142	26
141	26
140	25
139	25
138	24
137	24
138	23
139	22
140	21
141	21
142	22
143	23
144	24
145	23
146	22
147	21
148	22
149	22
150	23
151	24
151	25
152	26
153	27
154	28
155	29
156	30
157	31
158	30
159	31
160	32
161	33
161	34
162	35
163	36
164	37
165	37
166	36
167	35
168	34
169	33
170	32
171	31
172	30
173	31
174	32
175	31
176	31
177	32
178	33
179	34
180	34
180	35
181	35
182	35
183	36
184	35
185	36
186	36
187	35
188	35
189	35
190	34
191	33
192	32
191	31
190	30
189	29
188	30
187	29
186	28
185	27
184	27
183	26
182	26
181	25
180	25
179	24
178	23
177	22
176	22
175	21
174	22
173	21
172	20
171	19
170	20
169	19
168	19
167	18
166	18
165	17
164	16
163	17
162	17
161	18
160	19
159	20
158	21
157	20
156	21
155	20
155	19
154	18
153	17
152	16
151	16
150	15
151	14
150	13
150	12
149	11
148	10
147	9
148	8
148	7
148	6
149	5
149	4
150	3
150	2
149	2
148	2
147	1
146	1
145	2
144	3
143	2
142	3
141	3
140	4
139	5
138	5
137	6
136	7
135	8
134	8
133	9
132	8
131	8
130	9
129	9
128	8
127	8
126	9
125	9
124	10
123	11
124	12
123	13
124	14
125	15
126	16
127	16
128	17
129	16
130	15
131	15
132	15
133	14
134	15
135	15
136	16
137	17
138	17
139	16
140	15
141	14
142	13
143	12
142	11
141	10
140	9
139	8
138	7
137	6
136	5
135	4
135	3
134	2
133	1
132	1
131	2
130	2
129	1
128	1
127	1
126	2
125	2
124	3
123	4
122	5
121	6
120	6
119	7
118	8
117	9
116	10
115	11
114	12
113	13
112	14
111	13
110	12
109	11
108	10
107	10
106	9
105	10
104	10
103	9
102	9
101	9
100	8
99	7
98	8
97	7
96	8
95	8
94	9
93	10
92	11
91	12
90	13
89	12
88	11
87	10
86	10
85	9
84	8
83	7
82	6
81	6
80	5
79	5
78	4
77	4
78	5
79	4
80	3
80	2
81	2
82	2
83	1
84	1
85	2
86	1
87	2
88	3
89	2
90	3
91	2
92	3
93	4
94	5
95	4
96	3
97	3
98	2
99	3
100	4
101	4
102	5
103	4
104	3
105	2
106	1
107	2
108	3
108	4
109	5
110	6
111	6
112	7
113	7
113	6
114	5
114	4
113	3
112	2
111	1
112	2
112	3
113	4
113	5
114	6
114	7
115	8
116	9
116	10
117	11
117	12
118	13
118	14
119	15
119	16
118	17
117	16
116	17
115	18
114	19
113	18
112	18
111	17
110	16
109	15
108	14
107	15
106	14
105	15
104	16
103	16
102	17
101	16
100	17
99	16
98	15
97	14
85	13
86	14
87	15
88	15
89	16
89	17
90	17
91	18
91	19
92	19
93	18
93	19
93	20
94	21
95	22
96	23
96	24
97	25
98	25
99	25
100	25
101	24
102	24
103	23
104	22
105	21
106	20
107	19
107	20
108	21
109	22
110	23
111	23
112	24
113	24
114	23
115	23
116	23
116	22
115	21
115	20
117	21
118	22
119	23
120	24
121	25
121	26
120	26
119	27
118	28
117	29
116	28
115	29
114	30
113	29
112	29
111	28
110	27
109	26
108	27
107	28
106	29
105	30
104	30
103	31
102	30
101	30
100	31
99	32
98	33
97	34
98	35
99	36
99	37
99	38
100	39
100	40
101	41
102	42
103	42
104	43
105	44
105	45
105	46
104	47
104	46
105	45
105	44
105	43
106	42
106	41
107	42
108	43
108	44
109	45
108	46
107	47
107	48
108	49
109	48
110	49
111	50
112	51
113	52
114	53
115	54
116	55
116	56
117	57
118	58
118	59
119	59
120	60
121	61
122	62
122	63
123	64
124	64
125	65
126	66
126	67
125	66
124	66
123	67
123	68
123	69
123	70
123	71
123	72
123	73
123	74
123	75
123	76
123	77
123	78
123	79
122	80
121	80
121	81
122	82
123	82
124	83
125	84
126	85
127	85
128	86
129	87
129	88
130	89
131	90
132	91
131	92
130	93
129	94
130	95
131	96
132	97
133	97
134	96
135	97
136	96
137	95
138	96
138	97
138	98
139	99
139	100
139	101
140	102
140	103
139	102
138	101
137	100
138	99
139	98
140	99
141	98
142	99
143	99
144	99
145	100
146	101
147	102
148	103
149	104
148	105
147	106
146	106
145	105
144	104
143	103
142	104
141	104
141	105
142	106
141	107
142	107
143	107
144	108
144	109
145	109
146	110
147	111
148	111
149	112
150	112
151	113
152	114
153	114
154	115
155	116
156	116
154	117
153	116
152	115
151	114
150	115
149	116
149	117
150	118
151	118
151	119
152	120
153	121
153	122
154	123
155	122
156	121
157	120
158	119
159	119
160	120
161	121
161	122
160	123
161	123
162	123
163	123
162	123
161	123
159	124
158	124
157	124
156	124
157	125
158	126
159	127
160	128
161	127
162	126
163	127
164	128
165	128
166	129
167	128
168	128
167	125
168	126
169	127
170	127
171	126
172	126
173	125
173	126
174	127
171	125
170	124
169	124
168	123
167	122
166	121
165	121
164	120
163	119
162	118
163	117
162	116
161	115
160	114
159	113
159	112
158	111
157	110
156	109
155	108
154	107
153	106
152	107
151	108
150	108
149	109
148	110
146	111
145	112
144	113
143	112
142	111
141	110
140	109
139	108
138	107
137	106
136	105
135	104
134	105
133	104
132	103
131	102
131	101
130	100
129	99
128	98
127	99
126	100
125	99
124	98
123	97
122	96
121	95
121	96
121	97
121	98
121	99
121	100
121	101
121	102
121	103
121	102
122	101
122	100
121	99
120	98
119	98
118	97
119	96
118	95
117	94
116	93
115	93
114	92
113	92
112	91
111	90
110	89
109	88
108	87
107	88
106	89
105	90
104	91
103	92
103	93
102	94
101	94
100	94
99	93
98	92
97	91
97	90
96	89
95	88
94	87
93	88
92	87
91	88
90	87
89	86
88	85
87	84
86	83
85	82
84	82
83	81
82	80
81	79
80	79
79	78
79	77
79	76
78	75
78	74
77	75
76	74
75	73
74	73
73	73
72	73
71	72
71	71
70	70
69	69
68	68
69	67
70	67
71	68
72	69
73	70
73	69
74	68
75	68
76	69
76	70
77	70
77	71
76	71
75	71
74	71
73	71
72	71
71	70
70	70
69	70
68	70
67	70
66	70
65	69
65	68
64	67
63	66
62	65
61	65
60	64
60	63
59	62
58	62
57	61
57	60
56	59
55	59
54	58
53	57
52	58
51	59
50	60
49	61
48	61
47	62
46	63
45	62
44	61
43	60
42	61
41	60
40	59
39	58
38	58
37	57
36	56
35	55
34	55
33	56
32	57
31	58
30	59
29	58
28	58
27	57
26	56
25	55
24	54
24	53
23	52
22	51
22	48
21	48
20	48
19	48
18	47
17	48
20	49
21	50
21	51
20	52
19	52
18	53
17	54
17	53
17	52
16	52
15	52
14	52
14	53
13	52
12	51
11	50
10	50
9	49
8	50
8	51
7	52
6	53
5	54
4	55
3	56
2	57
1	58
1	59
1	60
2	60
3	60
4	61
3	62
4	63
5	64
6	64
7	65
6	68
5	69
4	68
3	67
3	68
2	71
3	71
4	71
5	72
6	73
7	74
8	75
9	75
10	74
11	75
12	76
13	77
14	78
15	79
16	80
17	80
18	79
17	78
16	77
15	76
14	75
13	74
13	73
12	72
11	71
10	70
9	71
8	72
8	71
8	70
7	69
7	68
7	67
8	66
9	66
10	67
11	66
12	67
13	67
14	68
14	69
15	70
16	70
17	70
18	71
19	72
19	73
20	74
21	75
22	76
22	77
23	78
24	79
25	80
26	81
29	81
28	82
27	82
27	83
28	84
29	85
30	86
31	85
32	86
33	85
34	84
34	83
35	82
35	81
34	80
34	79
34	78
33	79
30	80
30	79
30	78
29	77
28	77
27	76
26	76
25	75
24	74
25	73
24	72
23	71
22	70
23	69
22	68
23	68
24	68
25	68
26	68
25	67
26	66
27	67
28	68
28	69
28	70
29	69
30	70
30	71
31	72
32	73
33	74
34	75
35	75
36	76
37	77
38	78
39	79
40	80
41	80
42	80
43	81
44	82
45	83
46	84
47	84
48	85
49	86
50	87
51	88
52	89
53	90
54	91
55	92
56	93
57	93
58	94
59	95
60	96
61	96
62	97
63	98
64	98
65	99
66	99
67	98
68	97
69	98
70	99
71	100
72	101
73	102
74	103
73	104
72	105
72	106
73	105
74	105
75	105
76	104
77	104
78	105
79	106
80	105
81	106
82	107
83	108
82	109
83	110
84	110
85	111
85	112
86	113
87	114
88	115
89	116
90	117
91	118
92	119
93	119
94	120
95	121
96	122
97	123
98	124
99	125
100	126
101	125
102	124
103	123
104	124
105	125
106	126
107	125
108	126
109	127
110	127
111	128
112	129
113	130
114	131
115	132
115	133
116	134
117	135
118	136
119	135
120	134
121	133
122	133
123	132
124	131
125	130
125	131
124	132
124	133
124	134
124	135
124	136
123	137
123	138
123	139
124	140
125	141
126	142
127	143
128	144
129	144
130	145
131	146
132	147
133	147
134	148
135	148
136	149
137	148
138	147
139	146
140	147
141	147
142	148
143	149
144	150
144	151
143	152
144	153
145	154
146	154
147	155
148	154
149	155
149	156
150	157
151	156
152	157
153	157
154	158
155	159
154	160
154	161
153	162
152	163
151	164
150	165
149	166
148	167
147	166
146	165
145	164
144	163
143	162
143	161
142	161
141	161
142	160
142	153
141	153
141	152
140	152
139	151
138	151
137	152
137	153
136	154
135	154
134	153
133	154
132	153
131	152
130	151
130	150
129	149
128	149
127	149
126	149
125	150
124	149
123	148
122	148
121	147
120	146
119	145
118	145
117	144
116	143
115	142
114	143
114	142
113	141
112	140
111	139
110	138
109	137
108	136
107	135
106	134
105	133
104	134
103	133
102	133
101	132
100	133
99	132
98	131
97	131
96	131
95	132
94	133
93	134
92	135
93	136
94	137
95	138
94	139
95	140
95	141
96	142
97	142
98	143
99	143
100	144
101	144
102	145
103	144
104	145
105	144
106	145
107	146
108	145
108	146
109	147
110	147
111	148
112	148
113	149
112	148
111	147
110	146
109	145
108	144
107	143
106	142
105	141
104	140
103	139
102	138
101	139
100	138
100	137
100	136
99	137
98	137
98	136
97	136
97	135
96	136
95	137
94	137
93	138
92	139
91	139
90	140
89	140
88	141
87	142
86	142
85	143
84	144
83	144
82	144
81	143
81	142
80	141
79	140
79	139
78	138
77	137
76	136
76	135
75	134
74	135
73	134
72	135
71	134
70	133
69	132
68	132
67	131
66	130
65	129
64	130
63	129
62	129
61	128
60	128
59	127
58	126
57	127
56	126
55	125
54	124
53	123
52	123
51	122
50	122
49	121
48	122
47	123
46	122
45	121
44	120
43	119
43	118
44	117
45	116
46	117
47	116
48	117
49	117
48	117
47	117
46	117
45	117
44	117
43	116
42	116
41	116
40	116
39	116
38	116
37	115
36	116
35	117
34	118
33	118
32	117
32	116
31	115
30	114
31	113
32	112
31	111
30	110
29	109
28	109
27	110
26	111
25	112
24	112
23	113
22	114
21	113
21	112
20	111
19	111
18	110
17	109
16	108
15	109
14	109
13	109
12	110
11	110
10	111
9	112
8	113
7	114
6	115
5	116
4	116
3	117
2	118
1	119
2	120
1	121
2	122
3	123
2	124
1	125
2	126
3	127
4	128
5	127
6	126
7	125
8	124
10	123
11	122
12	121
13	120
14	119
15	118
16	118
17	119
18	120
19	121
18	122
19	123
19	124
19	125
20	126
21	126
22	127
23	126
24	125
25	124
26	123
27	122
28	122
29	121
28	120
27	119
26	118
25	118
24	119
23	119
22	119
21	118
21	117
20	116
19	115
18	114
17	113
16	114
15	113
14	114
13	115
12	116
11	117
10	118
9	119
8	120
8	121
8	122
7	122
6	123
9	123
10	124
11	124
12	124
11	125
11	126
12	127
13	128
14	129
15	130
16	131
17	130
18	131
19	132
20	133
21	133
22	134
23	135
24	136
24	137
25	138
24	139
25	140
26	141
27	142
28	143
28	144
28	145
28	146
29	147
30	148
31	149
32	150
31	151
32	152
33	151
34	152
34	153
35	154
36	155
37	156
37	157
37	158
38	159
39	160
40	159
41	160
42	161
43	162
44	163
45	164
46	164
47	165
48	166
49	167
50	168
51	169
52	170
53	171
53	172
54	173
55	174
56	175
57	176
58	177
59	178
59	179
60	180
61	181
62	182
63	182
64	181
65	182
66	183
67	184
68	185
69	186
68	187
69	188
70	189
71	190
72	191
73	192
74	193
75	193
76	194
77	194
78	195
79	196
79	197
78	198
77	199
76	200
77	201
76	202
75	203
74	204
73	205
72	205
71	204
70	203
71	202
70	201
69	200
68	199
67	198
68	197
68	196
67	195
66	194
65	193
65	192
64	191
63	190
62	189
61	188
60	187
59	187
58	186
57	187
57	188
57	189
56	190
56	191
55	192
54	193
53	192
52	191
51	190
50	189
49	189
48	188
47	189
46	188
45	187
44	186
43	186
43	185
42	185
41	184
40	183
39	184
38	184
37	183
36	182
35	183
34	183
33	182
32	182
31	181
30	181
29	180
28	179
27	179
26	178
25	177
25	176
24	175
24	174
23	173
24	172
23	171
22	171
21	170
20	169
21	168
21	167
20	166
20	165
19	164
18	163
17	162
16	161
15	160
14	159
13	159
14	159
15	159
16	159
17	159
18	159
19	159
20	159
21	160
22	161
23	162
23	163
24	164
25	165
26	166
27	167
27	168
28	169
28	170
29	171
30	171
31	172
31	173
32	174
33	175
34	174
35	175
36	176
37	176
38	177
39	176
40	177
41	178
42	179
43	180
43	181
44	182
45	183
46	182
47	183
48	182
49	183
50	184
51	184
52	184
53	183
54	184
55	183
56	182
57	181
56	180
55	179
54	178
53	177
52	176
51	176
50	176
49	175
48	174
47	174
46	173
45	172
44	171
43	171
44	170
43	169
42	169
41	168
41	167
40	166
39	167
38	168
38	167
37	167
36	168
35	167
34	166
33	167
32	167
31	167
30	166
29	165
28	164
27	163
28	162
27	161
27	160
26	159
25	158
24	157
23	157
22	156
22	155
21	154
20	153
19	152
18	151
17	150
16	151
15	150
14	151
13	152
12	153
11	154
10	154
9	153
8	152
7	152
6	153
6	154
6	155
5	156
6	157
7	158
6	159
7	160
8	161
9	160
10	161
9	161
9	162
10	163
10	164
10	165
11	164
12	163
12	164
13	164
14	165
15	166
16	167
17	168
17	169
16	168
15	167
14	167
13	168
12	169
11	169
10	170
9	170
8	171
7	170
6	169
7	168
6	167
5	166
4	165
3	165
2	164
2	163
1	163
1	162
1	161
1	160
1	159
2	159
3	158
3	157
2	156
1	155
2	154
2	153
3	152
2	151
1	151
1	150
1	149
1	148
1	147
1	146
1	145
1	144
1	143
2	142
3	141
4	141
5	141
6	142
7	143
8	144
9	145
10	146
10	147
10	146
10	145
11	144
11	143
11	142
11	141
11	140
12	139
12	138
12	137
12	136
11	136
10	135
9	134
8	134
7	133
6	132
6	131
5	130
4	131
3	132
3	133
3	134
4	135
4	136
5	137
6	137
7	138
8	139
9	140
10	140
11	140
12	140
13	141
14	142
15	143
16	143
17	144
18	144
19	144
20	144
21	145
22	144
23	145
22	146
23	147
24	147
24	148
24	149
25	150
26	151
26	152
27	153
26	154
27	155
28	156
29	157
29	158
30	159
31	160
31	161
32	162
33	163
34	164
34	165
35	166
36	167
37	169
37	170
38	171
39	172
39	173
40	172
41	173
42	173
43	174
44	174
45	173
46	172
47	171
48	170
49	169
50	169
51	168
52	167
53	166
54	165
53	164
52	163
52	162
51	162
50	161
49	160
48	160
47	159
46	159
45	159
44	158
43	157
46	154
47	153
45	154
44	154
43	155
42	156
42	155
41	154
40	153
39	152
38	151
38	150
37	149
38	149
39	149
42	149
43	149
42	150
41	149
40	149
39	148
38	147
37	146
36	145
36	144
35	143
34	142
33	141
32	140
31	139
31	138
30	137
30	136
29	135
28	134
27	133
27	132
26	131
26	130
27	129
28	128
29	127
29	126
30	125
31	124
32	123
33	123
34	122
35	121
36	120
37	121
38	122
39	122
40	123
41	124
42	125
42	126
43	127
43	128
44	129
43	130
42	131
41	132
40	133
39	132
38	131
37	130
36	129
38	129
40	129
40	128
40	127
39	127
39	126
38	126
37	126
36	126
35	127
35	128
34	127
33	128
32	129
31	130
31	131
32	132
33	132
34	133
35	133
36	134
37	134
38	135
39	134
40	134
41	133
42	132
43	132
44	131
45	131
44	132
45	133
44	134
45	134
46	134
47	134
48	134
49	134
48	135
47	136
48	136
49	137
50	138
51	137
52	136
52	137
53	138
53	139
54	140
55	141
56	140
57	140
58	141
59	141
60	140
60	141
61	142
61	143
62	144
63	144
63	145
64	145
65	146
66	147
67	148
68	147
69	146
70	145
71	145
72	144
72	143
73	142
72	141
71	140
70	140
69	139
68	138
67	137
66	137
65	136
64	137
63	136
62	136
62	135
61	134
60	133
59	132
58	131
57	131
56	130
55	130
54	129
53	128
52	129
51	128
50	127
49	127
48	128
47	129
48	130
49	131
50	132
51	132
52	133
53	133
54	134
55	135
56	135
57	136
58	137
58	136
58	135
58	134
59	133
59	132
59	131
59	130
59	129
59	128
59	127
60	126
60	125
60	124
60	123
60	122
59	121
58	120
57	119
56	118
55	117
54	116
53	115
52	114
51	113
50	112
49	112
48	111
47	112
46	111
45	111
44	110
43	111
42	112
41	113
40	113
39	112
38	111
37	110
38	109
38	108
37	107
36	107
35	106
34	105
33	105
28	105
27	105
26	106
25	107
24	107
23	107
22	106
21	107
20	106
20	105
19	104
18	104
17	103
16	103
15	102
14	101
13	101
12	102
11	103
12	104
11	105
10	106
9	107
8	108
7	108
6	109
6	110
5	110
4	111
3	108
3	107
3	106
4	107
5	108
9	105
8	104
7	103
6	102
5	101
4	100
4	99
3	98
4	97
5	96
6	97
7	97
8	96
9	95
10	94
9	93
10	93
11	93
12	92
12	91
13	91
12	94
13	95
14	96
14	97
15	98
16	99
17	98
18	99
19	98
20	97
21	98
22	99
23	100
24	101
25	101
26	102
27	103
28	103
29	102
30	102
31	103
32	104
35	104
35	103
34	102
33	101
32	100
31	99
30	98
29	98
28	98
27	97
26	96
25	96
24	95
23	94
22	94
21	93
20	92
19	91
18	91
17	90
16	89
15	90
14	90
15	88
14	87
13	86
12	85
11	86
10	87
9	86
8	87
7	88
6	89
5	90
4	89
3	90
2	89
1	88
1	87
2	86
1	85
1	84
1	83
2	82
3	83
4	84
5	85
6	85
7	84
8	84
9	84
10	84
11	83
12	83
13	83
14	83
15	83
16	82
17	82
18	82
19	83
20	84
20	85
21	86
22	87
23	88
24	87
25	88
26	89
27	90
28	91
29	91
30	92
31	93
32	94
33	95
34	95
35	96
35	97
36	98
37	98
38	99
38	100
39	101
40	101
41	102
42	101
43	102
43	103
44	104
45	104
46	105
47	106
48	107
49	106
50	105
51	105
52	105
53	104
54	103
55	103
56	103
56	104
57	105
57	106
58	107
59	108
60	109
60	110
61	111
62	111
63	112
64	112
65	111
66	111
67	111
68	111
69	110
70	110
71	110
72	110
73	109
74	109
75	109
76	110
77	110
77	111
78	112
79	113
80	113
81	114
82	115
83	116
84	117
85	118
86	118
86	119
86	120
87	121
88	122
87	122
86	122
85	122
84	121
83	121
83	120
82	120
81	120
80	120
79	119
78	119
77	119
76	118
75	117
74	116
73	115
72	114
71	113
71	112
70	111
69	112
67	111
66	110
67	109
67	108
66	107
65	106
64	105
63	104
62	103
61	102
60	101
59	101
58	100
57	100
56	99
55	99
54	98
53	98
52	98
51	97
50	97
49	97
48	96
47	95
46	94
45	94
44	93
43	92
43	91
42	91
41	92
40	91
39	90
38	89
37	88
36	87
36	86
36	85
37	84
37	83
37	82
37	81
38	80
38	79
38	78
39	77
39	76
39	75
39	74
40	73
40	72
40	71
41	72
42	72
43	73
44	74
45	75
44	76
45	76
46	76
47	77
48	78
49	79
50	80
51	81
52	80
53	79
54	80
55	79
56	79
57	79
58	78
57	77
56	76
55	75
55	74
54	73
53	72
52	72
52	73
51	73
50	73
49	73
50	72
49	71
48	72
47	73
48	74
49	75
49	76
50	77
51	78
52	79
52	80
53	81
54	82
54	83
53	84
53	85
54	86
55	87
58	85
57	86
56	87
56	88
57	89
58	90
59	90
60	91
61	90
62	90
62	91
63	91
64	91
65	92
66	93
67	93
66	92
65	91
64	90
63	89
63	88
62	87
61	86
60	85
59	84
58	83
58	82
59	83
60	83
61	84
62	84
63	83
64	84
65	85
66	86
66	87
67	88
68	88
69	88
69	89
70	89
71	90
72	90
72	91
73	92
74	93
74	94
75	95
76	96
76	97
77	98
78	97
79	98
80	99
81	99
82	100
83	101
84	102
85	103
86	104
87	105
88	104
89	103
90	104
91	105
92	106
93	105
94	105
95	106
96	106
97	107
98	108
99	109
100	110
101	111
102	112
103	113
104	114
105	115
106	116
107	116
108	116
109	117
110	117
111	118
112	119
113	120
113	121
114	122
113	123
114	123
115	123
116	124
116	125
117	125
118	124
119	125
120	126
121	127
121	128
121	129
121	130
120	129
119	130
118	129
117	130
116	129
115	128
114	127
113	126
112	125
111	124
110	123
109	122
108	121
107	120
106	120
107	119
106	118
105	118
104	117
103	118
102	118
101	117
101	116
100	115
99	114
98	115
97	114
96	113
96	112
95	111
94	111
93	111
92	110
91	110
90	111
90	110
90	109
89	109
89	108
88	108
87	108
88	107
89	106
90	105
91	104
92	103
93	102
94	101
93	100
92	99
91	98
90	97
89	96
88	95
87	94
86	93
85	92
84	91
83	91
83	90
82	90
82	89
81	88
80	87
79	86
78	85
77	84
76	84
75	83
74	82
73	81
72	82
71	81
70	80
69	79
68	80
67	80
66	79
65	78
64	77
63	76
62	75
61	74
60	73
59	72
58	71
58	70
57	69
56	68
56	67
55	66
54	65
53	64
52	65
51	66
50	67
49	68
48	68
47	69
46	68
46	67
46	66
45	67
44	67
43	66
42	66
41	67
40	66
39	66
38	65
37	64
36	64
35	64
34	65
33	64
32	63
31	64
30	65
29	64
28	63
27	64
26	64
25	63
24	62
23	61
22	60
22	59
21	58
21	57
21	56
20	57
19	56
18	57
17	58
16	59
15	60
16	61
16	62
17	63
18	64
19	64
20	65
21	65
22	66
21	65
20	64
19	63
18	62
17	61
16	60
15	59
14	58
13	58
12	57
11	56
10	55
9	56
8	57
7	57
6	57
5	56
4	56
3	55
2	54
1	53
2	52
1	51
1	50
1	49
1	48
2	47
3	46
4	47
5	46
6	45
7	44
8	43
9	43
10	42
11	41
12	40
13	39
13	38
14	37
15	36
16	35
17	34
18	35
19	36
20	36
21	37
22	37
23	38
24	39
25	40
26	41
26	42
27	43
28	44
29	45
30	45
31	46
32	45
33	46
34	47
35	47
36	47
37	47
38	47
39	47
40	47
41	47
42	47
43	48
44	49
45	50
45	51
46	52
47	52
48	52
48	53
49	53
49	54
50	54
51	55
52	54
53	55
54	54
55	53
56	52
57	53
58	52
59	52
60	51
61	50
62	49
63	48
64	48
65	47
66	48
67	49
68	50
69	49
70	48
71	47
72	46
73	46
74	45
75	46
75	47
76	48
77	49
78	50
77	51
76	52
76	53
75	54
74	55
73	55
72	56
71	57
70	56
69	55
68	54
67	54
66	55
65	55
64	55
63	56
62	56
61	57
60	57
61	58
62	59
63	60
64	61
65	62
66	62
67	63
68	62
69	63
70	62
71	63
72	63
73	64
74	64
75	65
76	66
77	66
78	67
79	68
80	67
81	68
82	69
83	70
84	71
85	72
86	73
87	74
88	74
89	75
90	76
91	77
91	78
92	79
93	80
94	81
95	80
96	81
97	80
98	79
99	80
100	80
101	81
102	81
103	82
104	82
105	82
106	83
107	83
108	82
109	81
110	80
111	80
110	79
110	78
110	77
109	76
109	75
109	74
108	73
108	72
107	71
106	71
105	72
105	71
104	70
103	69
102	69
102	68
102	67
101	66
100	66
99	65
99	64
99	63
98	64
97	64
96	63
95	64
95	63
95	62
95	61
95	60
94	60
94	61
94	62
94	63
93	63
92	62
91	62
90	61
90	60
90	59
89	58
88	59
87	58
86	58
85	57
84	56
83	55
82	54
81	53
80	52
81	51
80	50
80	49
80	48
79	47
79	46
80	46
81	47
82	48
83	49
84	50
85	51
86	51
87	52
88	53
89	54
90	54
91	55
92	55
93	56
94	56
95	57
96	57
97	58
98	59
99	60
100	60
101	61
102	61
103	62
103	63
104	64
105	64
106	65
107	66
108	67
109	67
110	68
111	69
112	70
113	71
114	72
115	73
116	74
117	75
118	75
119	76
120	77
121	78
122	78
124	79
125	80
126	81
127	80
128	81
129	81
130	82
129	80
128	79
127	78
127	77
128	76
127	75
128	75
129	75
130	76
130	77
131	77
132	78
133	79
133	80
134	81
134	82
135	83
134	84
135	85
136	86
137	87
136	88
135	89
134	89
133	90
132	90
131	90
130	91
129	91
128	91
127	90
126	89
125	90
124	89
123	88
122	87
121	86
120	85
120	84
119	83
118	84
117	83
117	82
116	81
115	80
114	79
114	78
113	78
112	77
112	76
111	75
110	75
109	75
108	76
107	75
106	76
105	76
104	77
103	76
102	75
101	74
100	75
99	74
98	73
98	72
97	71
97	70
96	69
95	69
94	69
94	68
93	67
92	66
91	65
90	66
89	65
88	65
87	64
87	63
86	62
85	61
84	60
83	59
82	59
81	58
80	58
79	57
78	57
79	58
79	59
80	60
81	61
82	62
82	63
83	64
84	65
85	66
86	67
87	68
88	69
88	70
89	71
90	72
91	73
92	73
93	74
94	74
95	73
94	75
95	75
96	76
96	77
97	77
97	78
97	79
96	80
96	81
96	82
96	83
96	84
95	85
95	86
95	87
95	88
95	89
94	90
94	91
94	92
94	93
94	94
95	95
96	96
96	97
97	98
98	99
99	99
100	99
101	98
102	99
103	99
104	98
105	99
106	98
106	99
107	100
108	101
109	101
110	101
111	102
112	103
113	104
114	105
113	106
114	107
114	108
115	108
116	109
116	110
117	111
118	112
118	113
119	114
120	114
121	114
122	115
123	116
124	117
125	118
126	119
126	118
125	117
125	116
125	115
124	114
124	113
124	112
125	112
126	113
127	114
128	114
129	114
130	115
131	116
132	117
133	118
134	117
135	116
136	115
137	114
138	113
137	113
136	112
135	112
134	111
133	111
132	110
133	109
132	108
131	107
130	107
129	108
128	107
127	107
126	106
125	105
124	106
123	107
122	108
121	109
120	108
119	107
118	106
117	105
116	104
115	103
114	102
114	101
113	100
112	99
111	98
110	99
109	98
108	97
108	96
107	95
106	94
105	95
104	96
103	97
102	98
101	99
100	100
100	101
101	101
102	102
103	103
104	104
105	105
106	104
107	105
108	105
109	106
109	107
110	108
110	109
111	110
112	111
113	112
114	112
115	113
115	114
116	115
117	116
117	117
118	118
119	119
120	120
121	121
122	122
123	123
124	123
125	124
126	125
127	126
128	125
129	124
129	125
130	126
131	125
132	124
133	123
134	122
135	123
136	122
137	121
138	120
139	119
140	118
141	117
142	118
143	118
144	119
145	119
146	120
147	121
147	122
146	123
146	124
146	125
145	126
145	127
145	128
145	129
144	130
144	131
144	132
143	131
142	131
141	130
140	131
139	130
138	129
137	128
137	127
138	126
139	126
140	125
141	126
142	125
143	125
144	126
145	127
146	128
147	128
148	129
149	130
150	131
151	132
152	133
153	134
154	135
155	136
156	137
157	138
157	139
158	140
159	141
160	140
161	141
162	142
163	143
163	144
164	145
165	145
166	144
169	145
168	144
167	143
167	142
166	141
165	140
164	140
163	139
162	138
162	139
161	140
161	141
160	142
160	143
160	144
160	145
159	146
159	147
158	146
157	145
156	146
155	145
154	145
153	144
153	143
152	142
151	141
150	140
150	139
149	138
148	138
147	137
146	136
145	135
144	135
143	136
142	135
141	134
140	135
139	136
138	136
137	135
136	135
135	134
136	133
135	132
134	132
133	131
133	130
132	129
131	130
130	129
130	130
129	131
128	132
127	133
128	134
129	134
130	135
131	136
132	136
133	137
134	138
135	139
134	140
135	141
134	142
135	143
136	142
137	142
138	141
138	140
139	139
139	138
140	138
141	139
142	138
143	139
143	140
144	141
143	142
144	143
144	144
145	145
146	146
147	147
148	146
149	147
150	147
151	148
152	149
153	150
154	151
155	152
156	152
157	153
158	154
159	155
160	156
161	155
162	155
163	154
163	153
164	152
165	151
166	151
167	150
168	149
169	149
170	150
171	151
172	152
173	153
174	154
175	155
176	156
177	156
178	157
179	158
180	159
179	160
180	161
180	162
181	163
182	164
183	165
182	165
181	166
180	166
179	166
178	167
177	167
176	167
176	166
175	165
174	164
174	163
173	162
172	162
171	161
171	160
170	159
169	158
168	157
169	156
168	155
167	154
166	155
165	156
165	157
164	158
163	158
164	159
164	160
164	161
163	160
162	161
161	161
161	162
160	162
160	163
159	163
158	162
157	160
157	161
155	166
156	166
157	167
158	168
159	169
160	170
161	170
162	171
162	172
163	173
164	172
165	173
166	174
167	175
168	175
169	176
169	177
170	178
171	178
172	179
173	180
174	181
175	180
176	179
175	178
176	177
176	176
175	175
174	174
173	173
173	172
172	171
172	170
171	169
170	169
169	168
168	167
167	166
168	165
167	164
166	163
165	162
164	163
164	164
163	165
163	166
164	167
165	168
166	169
167	170
167	171
168	171
169	171
170	171
171	171
172	171
173	171
174	171
175	172
176	172
177	172
178	172
179	172
180	172
181	172
180	171
181	170
182	169
183	170
184	171
185	172
186	173
187	173
188	174
189	175
190	175
191	176
192	175
193	176
194	176
195	176
196	177
197	177
198	178
199	179
198	179
195	178
194	179
193	180
194	181
193	181
192	181
191	182
190	183
189	184
190	185
189	186
188	186
189	186
190	186
191	187
192	187
193	187
194	187
195	187
196	188
197	188
198	188
199	188
200	188
201	189
202	190
203	190
204	191
204	190
205	189
206	188
207	187
208	188
209	187
210	186
211	185
212	184
213	183
214	183
215	183
216	184
217	185
218	184
219	185
220	186
221	187
222	187
223	187
224	188
225	189
226	188
227	189
228	190
227	191
227	192
228	193
228	194
229	195
230	195
231	196
232	197
233	198
234	197
235	196
236	195
237	194
238	193
239	193
240	192
241	191
242	190
243	189
244	188
245	188
246	189
247	189
248	190
249	190
250	189
250	190
250	191
251	191
252	192
253	192
254	191
255	190
256	189
256	188
255	187
255	186
254	185
254	184
253	184
252	183
251	183
250	184
249	185
248	186
247	185
246	184
245	183
245	182
244	181
244	180
243	179
243	178
242	177
241	177
240	176
240	175
239	175
238	174
237	175
237	176
236	175
235	175
235	174
234	173
234	172
233	172
232	173
231	172
230	171
229	170
228	169
228	168
227	167
226	166
225	165
224	164
223	162
223	163
222	164
221	165
220	166
220	167
221	168
222	169
223	170
224	170
225	171
226	171
227	172
228	173
229	174
229	175
230	176
231	176
232	177
232	178
233	179
234	180
235	181
235	182
236	183
237	182
238	183
238	184
238	185
238	186
239	187
240	187
241	188
242	187
243	188
243	189
244	190
244	191
245	192
246	193
247	194
248	195
249	196
250	197
251	198
252	197
253	198
254	197
255	198
255	199
256	200
256	201
255	202
254	203
253	204
252	204
251	204
250	204
249	204
248	204
247	204
246	204
245	204
244	203
243	202
242	201
241	201
240	200
239	200
238	199
237	199
236	198
236	197
235	196
234	195
233	194
233	193
232	192
231	192
230	191
231	190
232	189
233	188
234	187
233	186
232	185
231	185
230	184
231	183
230	182
229	181
228	180
227	181
226	180
225	181
224	180
223	180
222	179
221	179
220	178
219	178
218	178
217	177
216	176
215	176
214	175
213	175
212	175
211	176
210	177
209	178
208	179
208	180
207	181
206	182
207	183
208	183
209	184
210	185
211	185
212	186
212	187
213	188
214	189
215	190
216	191
217	192
218	191
219	190
220	191
221	192
222	193
223	194
222	195
223	195
224	196
225	197
226	197
227	198
227	199
228	200
229	201
230	202
231	202
232	203
233	203
234	204
234	205
235	206
236	205
237	204
238	205
239	206
240	206
241	206
242	207
243	208
243	209
244	210
245	211
246	211
247	212
248	213
249	214
250	215
251	216
250	217
251	218
252	219
252	220
253	221
254	222
253	223
252	224
251	225
250	226
249	227
248	228
247	229
246	230
246	229
245	228
244	228
243	227
242	226
241	225
241	224
240	223
239	222
237	221
235	220
234	219
233	218
232	217
231	216
230	215
230	214
229	213
228	212
227	211
226	211
225	210
224	209
223	208
222	208
221	208
220	209
219	209
218	210
217	211
216	212
215	213
214	214
213	215
212	216
211	215
210	216
209	217
208	218
207	219
206	220
205	219
204	218
203	217
203	216
202	215
202	214
201	214
200	213
199	212
198	211
198	210
198	209
197	208
197	207
196	206
196	205
196	204
195	203
195	202
194	201
193	201
192	200
191	199
190	198
189	198
188	197
187	198
186	199
185	199
184	200
183	200
182	200
181	199
180	198
180	197
179	196
179	195
178	194
178	193
179	192
180	191
181	190
182	191
183	192
184	193
185	193
186	192
187	192
188	191
189	191
190	190
191	190
192	189
193	190
194	190
195	191
196	192
197	193
197	194
198	195
199	196
200	197
200	198
201	199
202	198
203	197
204	196
205	195
206	194
207	193
208	192
209	193
210	194
211	195
212	196
213	197
214	198
217	201
218	201
217	200
216	200
215	199
214	198
213	197
212	198
211	199
210	198
209	198
208	197
208	198
207	199
207	200
206	200
205	201
204	202
204	203
203	204
202	205
201	206
200	207
199	206
198	205
197	204
196	205
195	206
194	207
193	207
192	206
191	205
190	204
189	203
188	204
187	203
186	204
185	205
184	206
183	207
182	208
181	209
181	210
180	211
179	212
178	212
177	211
176	210
175	209
174	210
173	211
172	211
171	210
170	209
169	210
168	210
167	211
166	211
165	212
164	212
163	211
162	211
161	210
160	209
159	209
158	208
157	209
156	208
155	208
154	209
153	209
152	208
151	207
151	206
151	205
152	204
153	204
154	203
155	202
156	202
157	203
158	204
159	204
160	203
161	202
162	202
163	203
164	202
165	201
166	200
167	199
168	200
169	201
170	202
169	196
168	195
167	196
166	197
165	196
164	196
163	196
162	195
161	195
160	194
159	195
158	196
157	196
156	196
155	196
154	197
153	198
152	199
151	200
150	201
150	202
151	203
150	204
150	205
150	206
149	207
148	208
147	209
146	210
145	211
144	212
143	213
142	212
141	211
140	210
139	209
138	209
137	208
136	208
135	207
134	206
133	205
132	205
131	205
130	204
129	203
128	204
127	205
126	204
125	203
124	204
123	203
122	203
121	202
120	201
119	200
118	200
117	201
116	201
115	201
114	202
112	203
111	203
110	204
109	204
108	204
106	205
107	205
108	204
109	203
108	202
107	201
107	200
106	200
105	199
104	198
103	198
102	197
101	198
100	199
99	200
100	201
101	202
102	202
103	203
104	204
104	205
105	206
104	207
103	208
104	209
105	210
106	211
107	212
108	213
108	214
107	214
106	215
105	216
106	217
107	217
108	218
109	219
110	220
110	221
111	222
112	221
113	222
114	223
115	222
116	223
117	223
118	222
119	223
120	223
121	224
122	225
122	226
122	227
123	228
122	229
123	230
123	231
124	232
125	233
126	234
127	235
128	236
129	237
130	238
130	239
131	239
132	240
129	240
128	241
127	241
126	240
125	239
124	240
123	240
122	239
121	238
120	239
119	238
119	237
118	239
118	240
118	241
117	242
117	243
117	244
116	243
115	244
114	243
114	242
113	241
112	240
111	239
110	240
109	241
108	240
107	239
106	240
105	239
104	238
103	237
103	236
102	235
101	234
100	233
99	232
98	231
99	230
98	229
97	228
96	227
95	228
94	227
93	226
92	226
91	227
92	228
93	229
94	230
95	231
96	232
97	233
98	234
94	235
93	234
92	233
91	234
91	233
91	232
90	232
89	231
89	230
89	229
90	228
90	227
90	226
89	225
88	224
87	223
86	224
85	223
84	222
83	221
82	222
81	222
80	223
79	224
78	225
77	224
76	224
75	223
74	223
73	222
72	221
71	220
70	221
69	222
69	223
68	224
67	223
66	223
65	224
64	225
63	224
62	223
61	222
60	222
59	222
58	221
57	220
56	220
56	219
55	219
54	219
53	218
52	219
51	220
50	219
49	218
48	218
49	217
50	217
51	217
52	216
53	216
54	215
55	215
57	214
58	214
59	213
60	213
61	214
62	215
63	216
62	217
63	218
64	218
65	219
66	218
67	217
68	216
69	215
69	214
70	213
71	212
70	211
69	211
68	210
67	210
66	209
65	209
64	208
63	209
62	208
62	207
61	206
60	206
59	205
58	206
57	205
56	205
55	204
54	204
53	203
53	202
52	202
51	202
50	201
49	200
48	199
48	198
47	197
46	196
43	193
43	192
42	191
41	191
40	190
39	190
38	189
38	188
37	188
36	189
35	189
34	189
33	190
32	190
33	189
32	188
31	187
30	186
29	185
28	185
27	184
26	183
25	182
24	181
23	180
22	179
21	178
20	177
19	176
20	175
19	174
18	174
17	173
16	173
15	174
14	175
13	175
13	174
12	173
11	173
11	172
10	173
10	174
9	175
8	176
8	177
7	178
7	179
6	180
6	181
5	182
5	183
4	184
3	185
3	186
2	187
2	188
2	189
1	190
1	191
1	192
2	191
3	192
3	193
4	194
5	195
6	196
7	197
8	198
9	199
9	200
10	201
11	202
12	203
13	202
13	201
14	200
15	199
16	198
17	197
18	198
19	199
20	200
21	200
22	201
23	202
24	203
25	204
25	205
26	206
27	206
28	206
29	207
30	208
31	209
32	209
33	208
34	207
35	206
36	205
37	206
38	206
39	207
39	208
40	209
41	210
42	211
43	212
44	213
45	213
46	214
47	215
46	216
45	218
44	220
43	219
42	218
41	217
40	216
39	215
38	214
37	213
36	214
35	213
34	213
33	212
32	211
31	210
30	210
29	211
28	211
27	212
26	212
25	211
24	210
23	211
23	210
22	209
21	209
20	208
19	209
18	210
17	211
16	212
15	213
14	214
13	214
12	213
11	212
10	211
9	210
8	209
7	208
7	207
6	205
6	204
5	203
5	202
5	201
4	200
4	199
3	199
3	200
3	201
4	202
3	203
4	203
4	204
5	205
6	206
7	206
6	207
5	207
4	208
4	209
4	210
4	211
5	212
4	213
5	214
6	214
7	214
6	215
5	216
4	217
3	217
2	218
1	218
1	217
1	216
1	215
1	214
2	214
3	215
4	216
5	217
6	218
7	219
8	218
9	218
10	219
11	220
12	221
13	220
14	219
15	219
16	218
17	219
18	218
19	217
20	216
21	216
22	215
23	216
24	215
25	214
26	214
27	215
28	216
28	217
29	218
30	217
31	218
31	219
32	220
31	221
32	222
33	222
34	223
35	222
36	223
37	224
38	225
39	226
40	227
39	228
38	229
37	229
36	228
35	227
34	228
33	228
32	227
31	226
30	225
29	225
28	224
27	225
26	224
26	223
26	222
25	221
25	220
24	221
23	222
22	223
21	222
20	222
19	223
18	223
17	223
16	224
15	224
14	225
13	226
12	225
11	224
10	223
9	222
8	222
7	223
6	222
5	221
4	222
3	222
2	222
1	223
2	224
3	225
1	226
1	227
2	228
1	229
2	230
3	231
2	232
1	232
2	233
3	234
3	235
4	236
4	237
5	238
5	239
6	239
5	240
4	241
3	241
3	242
3	243
3	244
3	245
3	246
3	247
2	248
2	249
2	250
2	251
2	252
2	253
2	254
2	255
2	256
3	256
4	256
4	255
5	255
5	256
6	255
7	254
8	253
9	252
10	251
11	250
12	251
13	252
14	253
15	253
16	254
16	255
17	256
18	256
19	256
20	256
21	255
22	254
23	254
23	253
24	254
24	253
25	252
26	251
27	250
28	249
29	248
30	248
31	249
32	250
33	251
34	252
35	253
35	254
36	255
36	256
37	256
38	256
39	256
40	255
41	255
42	255
43	254
44	253
45	253
45	252
46	254
46	255
46	256
47	256
47	255
48	254
49	253
50	253
51	252
52	251
53	250
54	249
54	248
54	247
53	246
53	245
52	244
51	243
50	242
49	242
48	241
47	240
46	239
46	238
45	237
45	236
44	235
43	235
42	234
41	233
40	233
39	234
38	235
37	236
36	235
35	236
34	235
33	234
32	233
31	234
30	233
29	232
28	231
27	232
26	231
25	231
24	230
23	229
22	228
21	228
20	227
19	228
18	227
17	226
16	225
15	226
15	227
15	228
14	229
14	230
14	231
13	232
13	233
12	234
12	235
12	236
11	237
11	238
11	239
10	240
10	241
9	242
9	243
8	244
7	243
6	244
5	245
5	246
6	247
7	248
8	248
9	249
10	248
11	247
12	246
13	246
14	247
15	248
16	247
17	246
18	247
19	248
20	249
21	249
22	248
23	247
22	246
21	245
20	244
21	243
21	242
20	241
19	240
18	239
17	238
16	237
15	236
14	235
14	234
14	233
13	231
12	230
11	229
10	228
10	227
9	226
8	226
7	226
6	226
5	225
4	225
3	225
2	225
4	226
5	227
5	228
6	229
6	230
7	231
7	232
7	233
7	234
8	235
9	236
10	237
11	238
12	239
13	240
14	241
15	242
16	243
17	242
18	241
19	240
20	239
20	238
21	237
22	237
23	237
24	238
25	237
26	237
27	236
28	237
29	238
30	238
30	237
29	238
28	239
27	240
26	241
25	242
24	243
23	244
24	245
25	244
26	243
27	242
28	242
29	243
30	243
30	242
31	242
32	241
33	240
34	241
35	242
36	243
37	244
38	244
39	245
40	245
41	246
41	247
42	248
42	249
43	248
44	247
45	246
46	247
47	246
48	247
49	247
50	247
49	248
48	249
47	249
48	248
49	248
51	247
52	247
54	246
55	245
56	245
57	244
58	244
59	244
60	243
61	243
62	242
63	241
64	242
64	243
65	244
66	243
67	244
68	243
69	244
70	245
71	245
72	245
73	246
74	246
75	247
75	248
76	249
77	250
78	249
79	248
80	247
81	246
81	245
80	244
79	243
78	242
77	241
76	240
75	239
74	239
73	240
72	240
71	239
70	239
69	239
68	238
67	237
66	236
65	235
64	235
63	236
62	236
61	237
60	237
59	238
58	237
57	236
56	236
55	236
54	236
53	235
52	235
53	234
54	233
55	232
55	231
56	230
57	229
58	228
58	227
59	228
60	229
61	228
62	229
63	230
64	231
65	232
66	232
67	233
68	233
69	234
70	235
71	236
72	235
73	234
74	233
75	233
76	232
77	231
78	230
79	231
80	232
81	233
81	234
82	235
81	236
82	237
83	238
84	239
85	240
86	241
87	242
88	243
89	243
90	244
91	245
92	246
93	246
94	246
95	246
96	247
97	247
98	248
97	249
98	250
98	251
99	252
100	253
100	254
101	255
102	256
103	256
102	256
101	256
100	256
99	256
98	256
97	256
96	255
95	255
95	256
93	255
94	254
94	253
93	252
92	251
91	250
90	251
89	250
88	250
87	249
86	250
85	251
84	251
83	250
82	251
81	251
80	252
79	253
78	254
77	254
76	255
75	256
74	256
73	256
73	255
72	254
71	253
70	252
69	253
68	253
67	252
66	252
65	251
64	250
63	250
62	249
61	249
60	250
59	249
58	248
57	247
58	246
57	245
56	243
57	242
56	241
55	241
54	240
53	239
52	239
51	238
50	237
49	236
49	235
48	234
49	233
49	232
49	231
50	232
51	232
52	231
53	230
54	229
54	228
54	227
55	226
54	225
53	225
52	224
51	223
46	220
47	221
48	222
49	223
50	224
49	225
48	226
48	228
48	230
47	229
46	228
45	228
44	227
45	226
44	225
43	224
43	223
42	222
41	221
40	220
39	220
38	221
37	220
37	219
36	219
35	218
34	217
34	216
33	215
32	215
32	214
32	213
32	212
32	211
32	210
31	208
31	207
31	206
31	205
31	204
31	203
31	202
31	201
30	201
29	200
28	199
27	198
26	197
25	196
24	196
23	195
22	194
21	193
20	192
19	191
18	190
17	191
16	192
15	191
14	190
13	189
12	189
11	188
10	187
10	186
10	185
9	184
8	184
7	184
6	185
5	184
4	183
3	182
3	181
2	180
2	179
1	179
1	178
2	178
3	178
4	178
5	177
6	176
7	176
8	175
9	176
9	177
10	178
10	179
11	180
12	181
13	181
14	180
15	181
16	182
17	183
16	183
15	183
14	184
13	184
12	184
13	185
14	185
15	185
16	186
17	185
18	184
19	183
19	184
20	185
21	186
22	187
23	186
23	187
23	188
24	188
25	189
25	190
26	191
27	191
28	192
29	192
30	193
31	194
32	193
33	194
34	195
35	196
36	197
37	197
38	197
38	198
38	199
38	200
38	201
39	202
40	202
41	203
42	202
43	203
44	204
45	205
44	206
45	207
46	208
47	209
48	209
49	210
50	211
51	212
52	212
53	212
54	213
55	213
56	214
57	213
58	212
58	211
57	210
56	210
55	209
54	208
53	208
52	208
51	207
50	206
49	206
48	205
47	204
46	203
46	202
45	202
45	201
44	200
44	199
43	199
42	199
41	198
40	197
41	197
42	196
43	195
44	194
45	195
46	194
47	193
46	192
47	192
48	192
49	191
48	194
49	194
50	195
51	196
51	197
52	196
53	196
54	196
55	195
56	194
57	193
58	193
59	194
60	193
59	194
58	195
57	196
56	197
57	197
58	198
59	199
60	199
61	200
62	201
63	202
64	203
65	204
66	204
67	204
68	205
68	206
69	207
70	208
71	209
72	209
73	210
74	210
75	211
76	211
77	212
78	213
78	214
79	215
78	216
79	217
79	218
80	218
81	219
82	218
83	219
84	218
85	219
85	218
85	217
86	218
87	218
88	219
89	219
90	220
91	221
90	222
91	222
92	222
93	221
94	220
95	220
96	221
95	222
96	223
97	223
98	224
99	225
100	226
101	227
102	228
103	229
104	230
104	231
105	232
106	232
107	233
108	234
109	235
110	236
111	237
116	236
117	235
116	235
115	235
114	234
113	234
112	233
111	233
110	232
109	231
109	230
108	229
107	228
106	228
105	227
104	226
103	225
102	226
102	225
102	224
101	223
100	223
99	223
99	224
99	225
99	226
99	227
99	228
99	229
99	230
99	231
99	232
99	233
99	234
100	235
100	236
100	237
100	238
100	239
100	240
100	241
100	242
100	243
100	244
100	245
100	246
100	247
100	248
101	247
102	248
103	249
102	250
103	250
104	250
105	251
106	252
107	252
108	253
109	254
110	255
111	254
112	255
113	255
114	256
115	255
116	256
117	256
118	255
119	256
120	256
120	255
120	254
121	253
122	254
123	253
124	254
125	253
126	254
127	253
128	253
129	253
130	252
131	251
132	252
133	252
134	252
135	252
136	253
137	254
138	253
139	252
140	251
141	250
142	251
143	250
144	251
145	252
146	253
147	253
148	254
149	255
150	255
151	256
152	255
153	254
154	253
155	254
156	255
157	255
158	255
158	254
159	255
160	254
161	253
162	254
163	255
164	256
165	255
166	256
166	255
167	254
167	253
168	253
169	253
170	254
171	254
172	254
173	254
172	253
171	252
170	251
169	250
168	249
167	248
166	247
165	246
164	247
163	247
162	246
161	245
160	244
159	245
158	244
157	245
156	246
156	247
155	248
154	249
153	249
152	250
151	251
150	250
149	249
148	249
147	248
146	247
145	246
144	246
143	245
142	245
141	244
140	243
139	242
138	243
137	242
136	241
135	242
134	243
133	244
132	244
131	245
130	246
129	247
128	248
127	248
126	247
125	246
124	245
123	244
122	245
121	246
121	247
120	248
120	249
120	250
119	251
119	252
118	253
118	254
117	253
116	253
115	252
114	251
113	250
113	249
112	249
111	249
110	248
109	248
108	247
107	247
106	246
105	246
104	245
103	244
102	244
101	244
101	243
100	242
99	241
98	241
97	240
96	239
95	238
94	238
93	237
92	237
91	237
90	237
89	236
88	236
87	235
86	234
85	233
85	232
85	231
85	230
84	229
83	228
82	227
81	227
80	226
80	225
79	224
79	223
78	222
78	221
77	220
77	219
76	218
76	217
75	216
75	215
74	214
74	213
73	212
73	211
74	210
75	209
76	209
77	208
78	208
79	207
80	208
81	209
82	210
83	211
84	212
85	212
86	213
87	213
88	214
87	215
88	216
89	216
90	217
91	216
92	215
93	214
94	213
95	213
96	213
97	214
98	215
99	216
100	217
101	218
102	219
103	220
104	221
105	222
106	223
106	224
107	225
108	225
109	225
110	225
111	226
112	226
113	227
114	228
115	229
116	229
117	230
118	231
119	232
120	232
121	232
122	233
123	232
124	231
125	230
126	230
127	231
128	232
129	233
130	233
131	234
132	235
133	236
134	237
135	237
136	238
137	238
138	237
139	236
140	235
141	235
142	236
143	237
144	238
145	239
146	239
147	240
148	241
149	242
149	243
150	244
151	245
151	246
152	245
153	245
154	244
154	243
153	242
152	241
151	240
150	240
149	239
148	239
147	238
146	238
145	237
144	237
143	236
142	235
140	234
139	234
138	233
137	233
136	232
135	232
135	231
134	230
133	229
132	228
131	227
130	226
129	225
128	224
127	223
126	223
125	222
124	221
123	220
122	219
121	218
120	219
120	220
119	218
118	217
117	217
116	218
116	219
115	218
114	217
113	216
112	215
111	214
111	213
112	212
113	211
114	211
115	210
116	210
117	209
117	208
115	209
113	210
112	210
111	209
110	208
109	209
108	209
107	210
106	211
105	212
104	213
103	212
102	211
101	210
100	209
99	208
98	209
97	208
97	207
96	207
95	206
94	206
93	206
92	205
91	204
90	203
89	202
88	201
89	202
89	203
90	204
90	205
91	206
92	207
92	208
93	209
93	210
93	211
92	211
91	211
90	210
90	209
89	209
89	208
88	207
87	206
87	205
86	204
85	203
85	202
84	202
83	201
83	200
82	199
82	198
83	197
84	197
85	197
86	197
87	196
88	196
89	197
90	197
91	198
92	198
93	199
94	198
95	197
96	197
97	196
98	196
97	195
96	196
95	195
95	194
96	193
97	192
98	191
97	190
96	189
95	190
94	189
93	188
92	187
91	187
90	187
89	188
88	189
87	190
86	191
85	192
84	191
83	190
82	189
81	190
80	189
79	188
78	187
77	186
77	185
76	184
76	183
75	182
75	181
74	180
73	179
72	179
71	178
70	177
69	176
68	175
67	174
66	173
65	172
64	172
63	171
63	170
62	169
61	170
60	169
59	168
58	167
57	166
57	165
57	164
58	163
58	162
58	161
57	160
56	159
55	159
54	158
53	157
53	156
52	155
52	154
51	153
52	152
52	151
51	150
50	149
49	148
48	147
47	146
46	146
45	145
44	145
43	144
43	143
42	142
41	141
40	140
39	139
40	138
41	137
42	136
43	137
44	138
45	138
46	139
47	140
48	140
49	141
50	142
51	142
52	143
52	144
53	145
54	145
55	146
56	147
57	148
58	149
59	149
60	150
61	151
62	152
62	153
63	154
64	155
63	154
62	154
61	153
60	153
59	152
58	151
57	151
56	150
55	150
55	151
56	152
57	153
58	154
59	155
59	156
59	157
60	158
59	159
60	160
61	161
60	162
61	163
61	164
62	165
63	166
64	167
65	167
66	168
67	169
68	170
69	170
69	171
70	172
71	173
72	174
73	174
74	173
75	174
76	174
77	175
78	174
79	173
80	172
81	172
82	171
83	170
84	170
85	171
86	172
87	173
86	174
85	174
83	175
84	175
87	175
88	176
89	176
90	177
90	176
89	175
88	172
89	171
88	170
87	169
86	169
85	168
84	167
85	167
85	166
85	165
86	165
87	165
88	165
89	165
90	165
91	165
92	165
93	165
94	165
95	165
96	165
97	165
98	165
99	165
100	165
101	164
102	165
103	165
104	166
105	166
106	167
107	167
108	167
108	168
109	169
110	170
111	171
112	172
113	173
114	172
115	173
116	174
117	175
118	176
119	177
119	178
120	179
121	180
122	181
123	180
124	179
125	178
126	177
127	176
128	177
129	178
130	177
131	178
132	179
133	180
134	181
135	181
136	182
137	183
138	182
139	183
140	184
141	185
142	186
141	187
140	188
139	187
138	188
137	188
136	187
135	188
134	188
133	189
133	190
133	191
132	190
132	189
132	188
131	187
130	186
129	185
128	185
127	185
126	184
125	183
124	184
123	185
123	186
123	187
124	188
125	189
125	190
126	191
125	192
126	193
127	194
128	195
129	195
130	196
131	197
132	198
133	199
134	200
135	199
136	200
137	201
138	202
138	203
139	203
140	204
141	205
142	205
143	204
144	205
145	205
145	204
146	203
146	202
145	201
146	200
145	199
144	199
143	198
142	197
141	196
140	196
139	197
138	198
137	199
136	197
135	195
134	195
135	194
136	193
134	192
135	191
136	191
137	192
138	192
139	193
140	193
141	192
142	191
143	192
144	193
144	194
145	195
146	194
147	195
148	197
148	196
149	195
150	194
150	193
149	192
148	191
147	191
146	190
146	189
145	188
144	187
143	186
143	185
144	184
143	183
144	182
144	181
143	180
143	179
143	178
143	177
142	178
141	177
140	177
139	177
138	176
137	175
136	174
135	174
134	173
133	174
132	175
131	175
130	174
129	173
128	172
127	172
126	173
125	173
124	174
123	173
122	172
121	172
120	171
119	170
118	171
119	172
120	171
121	171
122	171
123	170
124	170
125	170
124	169
123	168
122	167
121	166
120	166
119	165
118	164
117	163
117	162
116	161
115	161
114	160
113	159
112	159
111	160
110	160
110	161
109	161
108	162
107	163
108	162
111	160
114	158
115	157
116	157
117	157
118	157
119	157
120	156
120	157
120	158
121	158
122	158
122	159
123	160
123	161
124	162
125	163
126	164
127	163
128	162
128	161
129	161
130	161
131	160
132	160
133	161
134	162
133	163
133	164
133	165
132	165
131	165
130	165
129	166
128	167
128	168
129	169
130	169
131	170
132	169
133	169
134	168
135	167
136	167
137	166
138	165
139	164
138	163
137	162
136	161
137	160
138	159
139	158
140	157
141	156
140	156
139	155
138	156
137	156
136	156
135	156
134	156
133	157
132	157
131	157
130	157
129	157
128	156
127	155
126	155
125	155
124	154
123	153
122	152
121	152
120	151
119	151
118	152
117	153
116	154
115	153
114	153
114	154
113	153
112	153
111	154
110	154
109	155
108	155
107	155
107	156
106	157
105	158
104	159
103	160
102	159
101	160
100	161
99	161
98	160
97	161
96	162
95	163
95	164
95	165
96	166
97	167
98	168
99	169
100	170
101	171
102	172
103	172
104	173
104	174
105	175
106	176
107	175
108	175
107	176
105	177
104	177
103	178
102	178
101	179
100	179
100	180
101	180
101	181
101	182
102	181
103	181
104	181
103	182
104	183
104	184
105	184
106	185
107	186
108	186
109	187
109	188
110	187
111	188
112	189
112	190
113	191
114	192
115	193
116	193
117	194
118	193
119	192
119	191
120	190
120	189
121	188
121	187
120	186
119	185
118	185
117	184
117	183
116	182
115	181
114	181
113	182
112	183
111	184
110	183
109	182
108	182
107	181
106	180
105	179
104	178
103	177
102	177
101	176
100	175
99	175
98	176
97	175
96	174
95	173
94	172
93	171
92	170
92	169
91	168
91	167
90	166
89	165
89	164
88	163
89	162
90	161
91	160
92	159
93	158
94	157
95	156
96	155
97	155
98	156
99	155
100	154
101	153
102	154
103	154
104	153
105	153
106	153
107	152
108	152
108	151
107	151
106	151
105	152
104	151
103	151
104	150
103	149
102	148
101	148
100	149
99	150
98	149
97	149
96	149
95	148
94	147
93	147
92	146
92	145
92	144
91	143
91	142
90	141
89	140
88	139
87	138
87	137
88	136
87	135
86	134
85	135
84	134
83	134
82	134
81	133
80	133
79	133
78	132
77	132
76	132
75	131
74	131
73	130
72	130
71	129
70	128
69	128
68	127
67	127
66	126
66	125
65	124
65	123
64	122
63	122
62	121
63	120
64	119
65	118
66	117
67	118
68	119
69	120
70	121
69	122
70	123
71	124
72	125
73	126
74	127
75	128
76	128
76	127
77	126
78	125
79	124
80	124
81	123
82	124
83	125
84	126
85	127
86	127
87	126
88	125
89	124
90	124
91	123
91	124
91	125
92	126
92	127
92	128
91	129
90	130
89	131
88	131
87	130
86	130
85	131
84	131
83	130
82	129
81	130
80	131
79	132
80	134
81	135
82	136
82	137
83	138
84	139
85	140
86	141
85	143
86	144
86	145
87	146
88	146
88	147
89	148
90	149
90	150
90	151
91	152
91	153
92	154
91	155
90	155
89	156
88	156
87	155
86	155
85	154
84	153
84	152
84	151
84	150
83	149
83	148
82	147
82	148
81	149
81	150
81	151
80	150
79	149
80	148
79	147
78	147
77	146
76	146
75	147
74	148
74	149
73	150
72	151
71	152
70	153
70	154
69	155
69	156
68	157
67	158
66	159
65	160
66	161
67	161
68	162
69	163
70	164
71	165
71	166
70	167
71	168
72	169
73	170
74	170
75	169
76	168
77	167
78	168
79	168
80	167
81	166
82	165
83	164
84	163
85	162
84	161
83	160
82	159
81	158
80	157
79	156
78	155
77	156
77	155
78	154
78	153
77	152
76	153
75	154
74	155
73	156
72	157
72	158
73	158
73	159
74	160
75	161
75	164
76	163
76	162
77	162
78	163
79	162
80	161
80	162
80	163
80	164
80	165
80	166
80	167
79	169
79	170
79	171
79	172
79	173
79	174
79	175
79	176
80	177
81	178
82	179
83	179
84	180
85	180
86	181
87	182
88	183
89	182
90	181
91	182
92	181
93	180
94	181
95	182
96	183
97	182
98	183
99	184
100	184
100	185
101	186
101	187
102	188
103	188
104	189
105	190
106	191
106	192
106	193
107	194
108	195
108	196
109	197
109	198
109	199
110	200
111	201
112	201
113	202
114	202
115	202
116	203
117	204
118	205
119	206
120	207
121	208
122	208
123	209
124	210
123	211
122	211
121	211
120	212
119	212
118	212
117	213
116	213
117	214
118	215
119	214
120	214
121	215
122	216
123	217
124	218
125	218
126	219
127	219
128	220
129	220
130	221
131	220
132	221
133	222
134	223
135	223
136	224
137	223
138	224
138	225
139	226
140	227
141	228
142	228
143	229
144	229
145	230
146	231
147	232
147	233
148	234
149	235
150	236
151	236
152	237
153	237
154	238
155	239
156	240
157	239
158	238
159	238
160	239
161	238
162	239
163	236
164	235
164	236
164	237
165	238
166	239
165	240
164	240
163	240
164	241
165	242
166	243
167	244
167	243
167	242
168	243
169	242
170	243
171	243
172	244
173	244
174	244
175	245
176	246
176	247
177	248
178	249
179	249
180	250
181	251
182	251
183	252
183	253
184	254
185	255
186	254
187	255
188	255
189	256
188	254
187	253
186	252
186	251
185	250
185	249
184	248
184	247
183	246
183	245
182	244
181	243
181	242
180	241
180	240
179	241
178	240
177	239
176	238
175	239
174	239
173	238
172	238
171	238
170	237
171	236
170	235
170	234
169	233
168	233
167	232
166	232
165	231
164	230
163	231
162	232
161	233
160	233
159	234
158	233
157	233
157	232
156	231
157	230
156	229
156	228
155	227
154	228
153	227
152	226
151	226
150	225
149	225
148	225
147	224
146	224
145	223
144	222
143	221
142	220
141	220
140	219
139	218
138	217
137	216
136	215
135	216
135	217
135	218
135	219
135	220
134	219
133	218
132	218
131	217
130	216
129	217
128	216
127	215
126	214
125	213
125	212
126	212
127	211
128	212
129	213
130	212
131	212
132	212
133	211
134	210
135	211
136	211
137	212
138	213
139	213
140	214
141	215
142	216
143	216
144	217
145	216
146	216
147	216
148	216
149	217
150	218
151	219
152	220
153	219
154	220
154	221
155	222
156	222
157	223
158	224
159	224
160	224
161	225
162	225
163	225
164	226
165	226
166	225
167	226
168	226
169	225
170	226
171	227
172	228
173	229
174	230
175	231
176	232
176	233
177	234
178	234
179	233
180	234
181	235
181	236
182	237
183	238
184	237
185	236
186	235
187	234
188	235
189	236
190	237
191	238
192	239
193	240
194	241
195	242
196	242
197	243
198	243
199	244
200	245
201	246
200	247
199	248
199	249
198	250
198	251
197	252
196	251
195	250
195	249
194	248
193	247
192	247
191	246
190	246
189	245
188	244
187	243
188	242
187	242
186	242
185	241
184	240
183	241
182	242
181	243
180	244
181	244
182	244
183	245
184	246
185	245
186	244
187	245
188	246
187	247
187	248
187	249
187	250
188	251
189	252
190	252
191	253
191	252
191	251
192	251
192	252
193	253
194	254
195	254
196	254
197	255
198	255
199	255
200	255
201	254
202	253
203	254
204	253
205	253
206	252
207	251
208	251
209	252
210	251
211	250
212	249
213	248
214	247
215	247
216	246
217	247
218	248
219	249
219	250
220	251
221	252
222	252
223	253
224	254
225	254
226	255
226	256
227	256
227	255
228	255
229	256
230	256
231	255
232	254
233	255
234	254
235	253
236	252
237	251
238	250
239	251
240	250
241	249
242	248
243	248
244	247
245	246
246	247
247	246
248	245
249	245
249	246
249	247
249	248
248	249
248	250
248	251
248	252
248	253
248	254
248	255
248	256
249	255
250	254
253	255
254	255
253	254
252	253
251	253
251	252
252	251
253	250
254	249
255	248
254	247
254	246
253	245
252	244
251	243
250	242
249	243
248	242
247	242
246	242
246	241
245	241
244	240
243	241
242	241
241	242
242	240
243	239
243	238
242	237
241	236
240	235
239	235
238	234
237	233
236	232
236	231
235	230
234	229
233	230
232	230
231	231
230	232
229	233
230	234
231	235
232	236
233	237
233	238
234	239
235	240
236	241
237	240
238	241
237	242
238	243
237	244
236	245
235	245
234	246
233	245
232	244
231	244
230	243
229	243
228	243
227	242
226	241
225	242
224	243
223	242
222	243
222	244
221	245
220	244
219	244
218	243
217	244
216	243
215	242
214	241
213	240
212	239
211	238
210	237
209	236
209	235
208	234
207	234
206	233
205	232
204	231
203	230
202	229
201	229
200	228
199	229
198	230
197	231
196	232
197	233
198	234
198	235
198	236
199	237
200	238
201	238
201	239
202	240
203	241
203	242
204	243
205	243
206	244
207	244
208	245
209	244
210	243
211	244
212	243
212	242
213	242
214	242
215	241
216	240
217	239
218	239
219	238
220	238
221	237
222	236
223	235
224	234
225	234
226	233
226	234
226	235
226	236
226	237
226	238
226	239
226	240
226	241
226	242
226	243
226	244
226	245
226	246
226	247
226	248
226	249
226	250
225	250
224	249
223	249
222	249
223	248
224	247
225	248
226	248
227	247
228	246
229	247
229	248
230	249
229	250
230	251
231	252
232	253
233	253
234	254
235	255
236	256
237	256
238	256
238	255
239	255
240	254
241	254
241	255
242	255
243	254
244	253
245	253
245	252
246	252
247	251
248	250
249	250
250	249
251	249
252	248
253	247
253	246
253	245
254	244
254	243
254	242
255	241
255	240
254	239
253	239
252	238
251	238
250	237
249	237
248	236
248	235
249	234
248	233
249	232
250	231
251	230
252	231
253	232
254	233
255	232
256	231
256	230
255	229
254	228
253	228
252	227
251	227
250	226
249	226
249	225
249	224
248	224
247	224
245	223
246	223
247	222
248	221
248	220
247	219
246	220
245	221
244	220
243	219
244	218
243	217
242	216
241	216
240	217
239	217
238	222
237	221
236	221
235	220
234	219
235	218
236	217
237	216
238	216
237	215
236	215
235	214
234	214
234	213
233	212
232	212
233	213
234	213
235	213
236	214
237	214
238	214
239	215
240	215
239	214
238	213
237	212
236	212
235	211
234	210
233	209
232	208
231	207
230	206
229	207
228	206
227	205
226	206
225	205
224	205
223	204
222	204
221	203
220	202
219	202
218	203
217	204
217	205
216	206
215	207
214	206
213	207
212	206
211	205
210	204
209	204
208	205
207	206
207	207
206	207
207	208
208	209
208	210
208	211
209	212
210	211
211	212
212	211
212	210
213	211
214	211
215	212
216	213
217	213
218	214
219	214
220	215
221	216
222	216
221	215
220	216
219	217
218	218
217	219
216	219
215	220
214	220
213	220
211	221
210	221
209	221
210	222
212	221
215	221
216	222
217	223
218	222
219	223
220	223
221	222
222	221
223	220
224	219
225	218
226	219
227	220
228	221
229	222
230	223
231	223
232	223
233	224
234	224
235	225
236	225
237	226
238	227
239	228
240	228
239	228
238	228
237	228
236	228
235	227
234	227
233	227
232	227
231	227
230	227
229	226
228	225
227	226
226	226
225	227
224	227
223	228
222	228
221	229
220	229
219	230
218	231
217	232
216	232
215	231
216	230
215	229
214	228
213	227
212	227
211	226
210	227
209	226
208	225
207	225
206	224
205	223
204	222
203	222
202	223
201	224
200	225
199	224
199	223
198	222
197	221
196	220
197	219
196	218
196	217
195	216
194	216
193	215
192	214
191	213
190	212
189	211
190	210
189	209
188	208
188	207
188	208
188	209
188	210
188	211
188	212
187	211
186	211
185	210
185	211
185	212
184	213
183	213
183	214
182	214
181	215
180	216
180	217
181	218
182	218
183	219
184	220
185	221
184	222
185	223
186	223
187	224
189	221
188	220
187	220
186	219
187	218
186	217
185	216
184	215
185	215
186	216
187	216
188	216
189	217
190	217
191	218
191	219
192	220
193	221
192	222
191	222
191	223
192	223
193	223
194	224
195	224
196	224
197	224
196	225
195	226
194	226
193	227
192	228
191	227
190	226
189	227
188	228
187	229
186	228
185	227
184	226
183	226
182	225
181	224
180	223
179	222
178	221
178	220
177	219
177	218
176	218
175	219
174	220
173	221
172	222
171	221
170	220
169	219
168	219
167	218
166	218
165	219
164	219
163	220
162	220
161	221
160	220
159	219
158	218
157	217
156	217
155	216
154	215
154	214
153	213
152	212
151	211
150	211
149	212
149	213
150	212
152	211
153	210
155	209
157	208
158	207
159	206
160	206
161	205
161	206
162	206
163	207
164	206
165	206
166	206
167	206
167	207
166	207
164	208
165	209
166	210
167	211
168	212
169	213
170	214
171	215
172	215
173	214
174	213
175	212
176	211
177	210
178	209
179	208
180	207
181	207
180	206
179	206
178	205
177	204
177	203
176	203
175	202
174	202
173	201
174	200
175	199
176	198
175	197
174	196
173	195
172	195
171	194
170	194
169	193
168	192
167	191
166	190
165	189
165	188
164	187
163	187
162	186
162	185
161	185
160	184
159	183
158	182
157	181
156	180
155	179
154	180
153	179
152	178
151	177
150	177
149	177
148	177
147	176
146	175
145	174
144	173
143	172
142	172
141	171
140	170
139	169
139	168
140	168
141	167
142	167
143	167
142	166
143	165
144	166
145	167
146	168
147	169
148	170
149	170
150	171
151	170
152	170
152	171
153	172
154	172
153	169
154	168
154	169
154	170
154	171
154	172
154	173
154	174
154	175
155	174
156	174
157	174
157	175
158	175
159	176
159	177
160	177
161	178
162	178
162	179
163	180
163	181
163	182
164	181
165	180
166	180
165	182
166	183
167	184
168	184
169	183
170	183
171	183
171	184
170	184
169	185
168	185
167	185
166	185
165	185
164	186
163	186
162	186
161	186
160	187
159	187
158	187
157	186
157	185
157	184
156	185
155	186
155	185
154	184
154	183
153	183
152	183
151	182
150	183
149	182
149	183
148	184
147	183
146	182
147	183
148	184
149	185
150	186
150	187
151	186
152	187
153	188
154	188
155	189
156	190
157	191
158	190
159	190
160	190
160	191
161	191
162	191
162	192
162	193
163	193
164	193
165	192
166	191
167	190
168	189
169	188
170	187
171	186
172	187
173	187
174	188
175	187
176	186
177	185
178	184
179	183
180	182
181	181
182	180
183	179
184	178
185	177
186	178
187	179
188	180
189	181
190	182
191	182
192	183
193	184
194	185
195	185
196	184
197	183
198	183
199	182
200	182
201	182
202	181
203	180
203	179
204	178
205	177
204	176
203	175
202	174
201	173
200	172
199	171
198	171
197	170
196	170
195	169
194	168
193	167
192	167
191	168
190	169
189	170
190	169
191	168
192	167
193	166
194	165
195	164
196	163
195	163
194	162
193	162
192	163
191	164
190	163
189	162
189	161
189	160
189	159
188	159
187	158
186	158
185	158
184	157
184	156
185	155
186	154
187	153
186	152
185	151
186	150
185	150
184	150
183	149
182	148
182	147
181	146
180	147
179	148
178	149
177	148
176	147
175	146
174	146
173	146
173	145
173	144
174	143
173	142
172	141
171	140
170	139
169	138
168	137
167	136
166	136
165	135
164	134
163	133
162	133
161	132
162	132
163	131
164	131
165	131
166	130
167	130
168	130
169	131
170	132
171	133
172	132
173	132
174	131
175	130
176	129
177	128
178	127
179	126
178	125
178	124
177	123
176	123
175	122
174	121
173	120
172	119
171	118
170	119
169	119
168	118
167	117
166	116
166	115
166	114
165	113
166	112
167	111
168	110
169	109
170	108
171	107
172	106
171	105
170	104
169	103
170	102
169	101
169	100
168	99
167	99
166	98
165	97
164	96
163	95
162	95
161	94
160	93
161	92
162	91
161	91
160	91
159	91
158	91
157	91
156	92
155	92
154	92
153	92
152	92
151	92
150	92
151	93
152	94
153	95
154	94
155	95
156	95
157	96
158	96
159	97
160	98
161	99
162	100
162	101
163	102
164	103
165	104
164	105
163	106
164	108
165	110
164	110
163	109
162	108
162	107
161	107
160	106
159	105
159	104
158	104
157	103
156	102
155	101
154	100
153	99
152	100
151	100
150	100
149	99
148	98
147	97
146	96
145	95
144	94
143	93
142	92
141	91
140	90
139	90
140	89
141	88
142	87
142	86
143	85
144	84
145	83
146	82
146	81
145	82
144	83
143	82
142	81
141	80
140	79
139	78
139	77
138	76
137	77
136	76
135	75
134	74
133	73
132	72
131	71
130	70
129	71
128	71
128	70
127	71
126	72
125	73
124	73
123	72
122	72
121	71
120	70
119	69
120	68
119	67
118	66
117	66
116	65
115	64
116	63
115	63
114	63
113	62
112	62
111	61
112	60
111	59
111	58
110	57
109	56
108	57
107	57
106	58
105	58
106	57
107	56
107	55
108	54
109	53
110	52
110	51
109	52
108	53
107	54
106	54
105	53
104	53
103	54
102	53
101	52
100	51
99	50
100	49
100	48
99	47
98	46
98	45
97	44
96	43
95	42
94	41
93	40
92	40
91	41
90	42
89	43
88	43
88	44
88	45
87	44
86	43
85	42
85	43
85	44
84	43
83	44
82	44
81	43
81	42
81	41
80	40
79	38
79	37
78	36
77	36
76	35
76	34
75	33
74	33
73	33
72	34
71	35
70	35
69	35
69	36
68	37
67	38
68	39
68	40
67	41
66	42
65	43
64	43
63	43
62	44
61	45
60	45
59	44
58	45
57	45
56	44
56	45
56	46
55	47
55	48
55	49
55	50
55	51
54	50
53	49
52	49
51	48
50	47
49	46
49	45
48	44
49	43
48	42
47	42
46	41
46	40
45	39
45	38
44	37
43	36
42	35
41	34
41	33
41	32
40	31
40	30
39	29
40	28
39	27
39	26
38	25
37	25
36	24
35	25
34	24
34	23
33	22
32	22
31	21
30	21
29	20
28	21
27	22
26	23
25	24
24	25
23	26
22	27
21	26
20	27
19	26
19	25
18	24
17	23
16	22
17	23
18	23
19	23
20	24
21	24
22	25
23	25
24	26
25	26
26	26
28	27
29	28
30	28
29	29
28	28
27	27
26	28
25	29
25	30
25	31
26	32
27	33
28	34
29	32
30	31
31	30
31	29
32	29
33	29
34	30
35	30
36	30
35	29
36	28
36	29
36	30
36	31
37	32
37	33
37	34
37	35
37	36
37	35
36	34
36	33
36	32
35	33
34	34
33	34
32	35
31	36
30	37
29	38
30	39
31	40
32	40
33	40
34	41
35	41
36	42
37	42
38	42
39	43
40	44
40	45
39	46
38	47
37	48
36	49
35	50
34	51
33	52
32	52
31	53
30	53
29	52
30	51
29	50
28	51
27	50
26	49
25	48
24	47
23	46
22	45
21	44
20	43
19	43
18	44
17	45
16	45
15	46
14	47
13	46
12	45
12	44
11	43
10	42
10	41
9	40
9	39
8	38
7	37
7	36
6	35
5	33
4	32
4	31
3	30
3	29
3	28
3	27
4	28
5	29
4	30
3	31
6	34
5	36
4	37
3	37
2	38
1	39
4	40
3	41
4	44
5	43
5	42
5	41
6	40
7	40
7	39
8	40
9	39
10	38
11	37
10	36
9	35
8	35
7	34
8	33
9	33
10	32
11	33
12	33
12	32
13	31
13	30
13	29
12	28
11	27
10	26
9	25
8	26
7	25
6	24
5	24
5	23
4	22
3	21
2	20
1	20
1	19
1	18
2	17
1	16
1	15
1	14
1	13
1	12
1	11
1	10
1	9
2	8
2	7
1	6
1	5
2	5
3	5
3	8
2	12
3	13
4	14
5	13
6	14
7	14
8	15
9	16
10	17
11	16
12	17
13	17
14	18
15	19
16	18
16	17
17	16
18	16
19	15
20	16
21	17
22	18
23	17
24	16
25	15
26	14
27	13
28	13
29	12
30	11
31	10
32	11
33	10
34	9
35	10
36	11
37	12
37	13
38	14
37	15
37	16
38	17
39	18
40	18
41	19
42	20
43	21
44	22
45	23
45	24
46	25
47	25
48	26
48	27
47	27
46	27
45	27
44	28
43	29
44	30
45	31
46	32
46	31
47	30
48	29
49	30
49	31
50	32
50	33
51	34
52	33
53	34
54	34
55	35
56	35
57	35
57	36
58	37
59	38
60	38
61	39
62	40
63	41
64	42
65	41
66	41
67	41
69	40
70	40
71	39
72	39
71	38
72	37
73	38
74	39
75	40
76	41
77	42
78	41
79	40
80	39
81	40
82	39
83	38
84	38
85	38
86	37
87	36
88	35
89	34
90	34
91	33
92	33
93	32
94	31
95	30
94	29
93	28
92	27
91	26
90	27
89	26
88	25
88	24
87	23
86	22
85	21
85	20
84	19
83	18
82	18
82	17
81	16
81	15
80	14
80	13
79	13
78	12
77	11
76	10
75	9
74	9
73	8
72	9
71	9
70	10
69	11
68	11
67	12
66	12
65	13
64	14
63	14
62	15
61	15
60	14
59	13
58	12
57	11
56	10
56	9
55	8
55	7
54	6
54	5
53	4
52	5
51	6
50	7
49	8
48	7
47	6
46	5
45	6
45	7
44	8
43	8
42	9
41	10
40	9
39	8
39	7
40	6
39	5
38	4
37	5
36	4
35	3
34	3
33	2
32	1
31	2
30	1
29	2
29	3
28	4
27	4
26	5
25	5
24	4
23	5
22	6
21	7
20	8
19	8
18	7
17	6
18	5
19	4
20	3
19	4
18	4
17	3
16	2
15	1
14	1
13	1
12	1
11	1
10	2
10	3
9	3
8	4
7	5
6	6
7	7
8	8
7	9
8	10
9	9
10	10
11	9
12	8
13	7
14	6
13	5
12	4
11	4
11	5
11	6
11	7
10	8
10	9
10	10
10	11
10	12
10	13
11	13
12	13
13	12
13	13
14	13
15	13
16	12
17	12
17	11
18	11
19	12
20	13
21	13
22	12
23	12
23	11
24	10
25	9
26	9
27	8
28	8
29	8
30	8
31	7
32	7
33	7
34	7
33	6
34	5
35	6
36	7
36	8
37	9
38	10
38	11
39	12
40	13
40	14
41	14
42	14
43	13
43	14
43	15
44	15
45	14
46	13
47	13
48	13
49	14
50	14
51	15
52	16
53	15
54	15
55	16
56	17
57	18
58	19
59	18
60	19
61	20
62	20
63	21
63	22
64	23
65	24
66	24
67	24
68	25
69	26
70	27
69	27
68	28
67	28
66	28
65	29
64	29
63	29
62	30
61	30
60	30
61	31
62	31
63	32
64	33
65	33
66	32
67	31
68	30
69	30
70	29
71	29
72	29
73	29
74	30
75	31
76	30
77	31
78	32
79	33
80	34
81	35
82	34
83	33
84	32
85	32
86	32
87	31
86	30
85	30
84	29
83	29
82	28
82	27
81	26
80	25
79	24
80	23
79	22
80	21
80	20
79	19
78	18
77	18
76	17
76	16
77	15
76	15
75	15
74	14
73	13
72	12
71	12
70	12
73	6
72	5
71	4
70	3
69	4
68	5
67	6
66	6
65	7
64	6
65	4
66	2
65	2
64	1
63	2
62	1
61	1
60	2
59	3
58	2
57	1
56	1
55	1
54	1
53	1
52	1
51	1
50	2
49	3
53	2
56	2
57	3
58	4
59	5
60	6
61	7
61	8
62	7
63	7
63	8
64	9
65	10
66	11
67	12
68	13
69	13
70	16
71	16
72	17
73	18
73	19
74	20
75	21
76	22
75	23
76	24
77	24
78	25
78	26
79	27
80	28
81	28
82	29
83	30
84	30
85	31
86	32
87	33
88	33
89	34
90	35
91	35
92	36
93	37
94	37
94	36
95	36
95	37
96	37
97	37
98	37
99	37
100	37
101	37
102	37
103	37
104	37
105	36
106	35
107	35
108	36
109	35
110	34
111	33
112	34
113	35
114	36
115	37
116	36
117	35
118	34
119	33
120	32
121	32
122	31
123	31
124	32
125	33
124	34
125	35
124	36
125	37
126	38
127	38
128	39
129	39
130	38
131	37
132	36
133	37
134	38
134	39
134	40
135	41
136	42
137	43
138	43
139	43
140	44
140	45
141	46
142	47
143	48
144	49
145	50
144	50
143	50
144	49
145	48
146	47
147	46
148	45
149	44
150	45
151	46
152	47
153	47
154	48
155	47
156	48
157	49
158	50
159	50
160	49
161	50
162	50
163	50
164	49
165	50
166	50
167	51
168	51
169	52
170	53
171	54
172	55
172	56
172	57
173	58
173	59
174	59
174	62
173	61
172	60
171	61
170	62
169	61
168	60
167	61
166	62
165	63
164	63
163	64
162	63
161	62
161	61
160	60
159	59
158	59
157	58
156	60
155	59
155	58
156	57
155	57
154	57
153	57
153	56
153	55
152	56
151	56
150	55
149	56
148	57
147	58
147	59
146	60
146	61
145	62
144	63
144	64
143	65
142	66
141	67
141	68
140	69
139	69
138	69
137	68
136	67
137	66
138	65
139	64
140	63
141	62
142	61
141	60
140	59
139	58
138	57
137	56
136	56
135	55
134	54
133	54
132	54
131	55
130	56
131	57
131	58
131	59
132	58
133	58
133	59
134	60
135	61
136	61
136	62
137	62
136	63
135	64
134	65
134	66
133	66
132	65
131	64
130	63
129	63
128	62
128	61
127	60
126	59
125	58
124	58
123	57
123	56
122	55
121	54
122	53
122	52
123	51
124	52
125	51
126	52
127	51
128	52
129	51
130	51
131	50
132	49
133	48
132	47
131	46
130	45
129	44
128	44
127	45
126	45
125	46
124	47
123	48
122	47
121	48
120	49
119	48
118	48
117	47
116	46
115	46
114	45
113	44
112	43
111	42
110	41
109	40
110	40
111	41
112	41
113	41
114	41
115	40
116	41
117	42
117	41
117	40
118	39
119	39
120	40
120	41
121	41
120	43
119	43
118	43
119	44
119	45
121	44
122	43
123	43
124	42
125	41
126	42
127	42
128	43
129	43
130	44
131	44
132	45
133	45
134	46
135	46
136	47
137	48
138	49
138	50
139	51
140	51
141	52
141	53
142	54
143	54
144	55
145	56
146	57
147	58
148	59
149	60
150	61
151	62
152	63
153	63
154	64
155	65
156	66
157	67
158	68
159	69
160	70
160	71
160	72
161	73
162	73
163	74
164	75
163	76
164	77
165	78
166	79
167	78
168	79
169	80
170	81
171	81
172	82
173	83
172	84
173	85
174	86
175	87
176	88
176	89
175	90
174	91
173	90
173	89
172	88
171	86
171	87
170	87
169	86
168	86
168	85
167	85
166	84
165	84
164	83
163	82
162	81
162	80
161	79
160	79
159	78
158	78
157	77
156	76
155	75
156	74
157	73
158	72
157	71
156	70
155	69
154	70
153	70
153	69
152	68
151	68
150	67
149	66
148	65
147	66
146	67
146	68
147	69
148	70
149	71
150	72
151	73
152	73
153	74
154	75
154	76
153	77
152	78
151	78
152	79
153	80
154	81
155	81
156	82
156	83
157	84
158	85
159	86
160	87
161	86
162	87
163	88
164	89
165	89
166	88
167	89
168	90
169	90
170	91
171	92
171	93
172	94
173	94
174	95
175	96
176	97
175	98
176	99
176	100
177	101
178	100
179	99
180	99
181	98
182	98
183	98
182	97
181	96
180	95
179	94
178	94
178	93
181	96
181	97
182	98
183	99
184	100
184	101
184	102
185	102
186	103
187	103
188	102
188	103
189	104
190	105
190	106
191	105
192	106
193	107
194	107
195	108
195	109
196	110
197	111
196	112
197	113
198	112
199	113
200	113
201	114
201	113
202	112
202	111
202	110
202	109
203	108
203	107
203	106
204	105
204	104
204	103
205	104
206	104
207	105
208	106
209	106
210	106
211	107
212	107
213	106
214	105
215	104
214	106
213	108
214	109
215	108
216	107
217	108
218	108
219	108
219	109
220	110
221	111
222	112
223	113
224	113
225	112
226	112
227	111
228	110
229	111
230	112
230	113
231	114
232	115
232	116
233	117
234	118
233	117
231	114
229	111
228	109
229	108
230	107
231	107
232	107
232	106
233	105
233	108
233	109
234	110
235	111
236	112
237	113
238	112
239	113
240	112
241	113
242	114
243	115
244	116
245	117
245	118
245	119
246	118
247	119
248	118
249	119
250	119
251	120
252	120
251	118
250	117
251	116
250	117
249	118
248	119
247	120
246	121
247	121
248	122
248	123
249	124
250	125
251	126
252	125
253	126
253	127
254	128
255	129
255	130
254	131
253	132
252	133
251	134
250	134
249	135
248	136
247	137
246	138
245	137
244	136
243	135
242	136
241	135
240	135
239	134
238	133
237	132
238	131
237	130
236	129
235	128
234	128
233	127
232	127
231	126
231	125
230	124
229	123
228	122
228	121
227	120
226	119
225	119
224	119
223	118
222	117
221	118
220	119
219	120
218	121
217	122
216	122
217	121
216	120
215	119
215	118
214	117
213	117
212	116
211	115
210	115
209	114
208	113
207	112
206	111
205	110
206	109
205	108
204	107
203	106
202	105
201	104
200	103
199	103
199	102
198	102
197	102
196	101
195	102
194	101
194	100
193	99
192	98
191	99
190	99
189	98
188	98
187	97
186	96
185	95
185	94
184	93
184	92
183	91
182	90
181	89
182	88
181	87
180	86
179	85
178	84
177	83
176	82
175	81
176	81
177	80
174	78
175	78
176	78
177	78
178	77
178	78
178	79
179	79
180	79
179	80
179	81
180	82
181	82
182	83
183	83
184	84
185	85
185	86
186	86
186	87
187	88
188	89
189	89
190	90
191	90
192	91
193	92
193	93
194	94
195	94
196	93
197	92
197	91
198	91
199	90
200	90
201	91
201	92
202	93
203	94
204	95
204	96
205	97
204	98
205	99
206	98
207	99
208	100
209	101
210	102
211	101
212	100
213	99
214	98
215	97
216	96
217	97
218	98
219	99
219	100
220	101
220	102
221	103
222	104
223	104
223	105
224	105
225	104
226	105
227	105
228	104
229	103
230	103
231	102
232	101
233	100
234	101
235	101
236	102
237	103
238	104
239	104
240	105
241	106
241	107
241	108
241	109
241	110
241	111
241	112
241	113
241	114
241	115
242	116
243	117
244	116
245	115
246	114
247	113
248	113
249	112
250	111
251	110
250	109
249	109
248	109
248	108
247	108
246	107
245	107
244	106
243	105
243	104
242	103
243	102
244	101
243	100
242	99
241	99
241	98
240	97
239	96
240	95
239	95
238	94
238	93
237	92
238	91
239	90
240	89
241	88
242	87
243	86
244	86
245	85
246	84
247	83
248	82
247	83
248	84
249	83
250	84
250	83
250	82
251	81
250	81
249	80
248	80
247	79
246	78
245	77
244	78
243	79
242	80
241	81
240	81
239	82
238	82
237	82
237	83
238	84
237	85
236	84
235	84
234	83
233	82
232	81
231	80
230	80
229	79
228	79
227	78
226	78
225	78
224	79
223	80
222	81
221	81
220	80
219	79
219	78
220	77
221	76
222	75
223	75
223	74
222	74
221	74
220	76
218	77
217	76
217	75
216	75
215	74
218	76
219	77
220	77
221	78
222	78
223	79
224	80
225	80
226	81
227	82
227	83
228	84
229	85
230	86
231	86
232	87
233	88
233	89
233	90
233	91
233	92
232	93
231	94
230	94
229	94
228	93
228	92
227	91
226	90
225	90
224	91
223	90
222	90
221	89
221	88
220	87
219	86
218	85
217	85
216	84
216	83
215	82
214	81
213	80
214	79
213	78
213	77
212	76
211	75
210	74
210	73
209	72
208	73
207	72
207	71
206	70
205	70
204	69
203	68
202	67
203	66
204	65
205	64
206	63
207	62
208	62
209	62
210	63
211	64
212	65
212	66
213	67
213	68
214	69
215	70
216	71
217	72
218	73
219	72
220	71
221	70
222	69
223	68
224	69
225	70
226	71
226	72
227	73
227	74
228	75
229	76
230	77
231	77
232	77
233	78
234	79
235	78
236	77
237	76
238	75
239	74
238	73
239	72
238	71
237	72
236	71
235	70
234	69
233	69
232	68
232	67
231	66
230	67
229	66
228	65
227	64
226	65
225	66
224	65
223	65
222	64
221	64
220	64
219	63
218	63
217	62
216	62
218	61
219	60
219	59
218	58
219	57
220	56
221	55
222	56
223	57
224	58
225	57
225	56
226	55
227	54
228	53
229	53
230	52
231	52
232	52
233	52
234	53
235	52
236	51
236	50
237	49
238	49
239	50
239	51
240	52
241	53
242	54
243	55
244	56
245	55
246	54
247	54
248	53
249	53
250	53
251	52
252	51
253	50
252	49
251	48
250	47
249	47
248	46
247	45
246	44
247	43
248	42
249	42
250	42
251	42
252	41
253	41
254	41
255	41
256	41
255	40
256	39
255	38
255	37
256	36
255	35
255	34
254	33
253	33
252	32
251	31
250	32
249	33
248	34
248	35
247	36
246	36
245	37
244	38
243	39
242	40
241	41
240	41
239	42
238	43
237	44
236	45
235	46
234	47
233	48
232	48
231	47
230	46
229	45
228	46
227	47
226	47
225	48
224	49
223	48
222	47
221	48
220	49
219	50
218	50
217	51
216	52
215	53
214	54
213	55
210	52
209	51
208	51
207	50
206	49
205	49
204	48
203	47
202	47
203	46
204	47
203	48
204	49
205	50
206	51
207	52
208	52
209	53
210	53
211	53
210	54
211	55
212	54
213	54
214	54
214	55
214	56
215	57
215	58
214	59
215	58
216	57
213	60
212	59
211	59
210	58
209	57
208	57
207	56
206	56
205	55
204	54
203	53
202	52
201	51
200	50
199	49
198	49
197	49
196	50
195	51
194	52
191	52
190	52
192	53
192	54
193	53
194	53
195	53
196	54
197	54
198	55
197	57
196	58
195	59
195	60
196	59
196	58
197	58
198	58
198	57
198	56
199	57
200	58
201	58
202	57
202	58
202	59
201	60
202	61
202	62
201	63
202	64
203	65
204	66
205	67
205	68
204	69
203	70
202	71
201	72
200	73
199	73
200	74
201	75
204	78
203	79
202	80
202	79
202	76
203	77
203	78
205	77
206	78
207	79
208	80
209	80
210	81
210	82
211	83
212	84
212	85
212	86
213	85
214	86
215	87
216	88
215	89
216	90
217	90
218	91
219	92
220	93
221	93
222	93
222	94
223	95
222	96
223	97
224	97
225	97
226	98
227	98
228	97
229	96
230	97
231	98
232	98
233	97
234	96
235	97
236	96
237	96
238	96
241	94
242	93
243	93
244	92
245	92
246	91
247	90
248	89
249	88
250	88
251	87
252	86
253	86
254	85
255	83
256	82
255	81
256	81
256	80
256	79
255	78
256	77
255	76
254	76
253	75
253	74
252	73
251	72
250	72
249	72
248	71
248	70
247	69
246	68
245	67
244	66
243	66
242	65
241	64
240	63
239	62
238	61
237	61
236	60
235	59
234	59
233	58
232	57
231	56
232	56
233	56
234	56
235	56
236	56
237	56
238	56
237	55
238	55
239	55
240	56
240	57
241	57
242	58
242	59
243	59
244	60
245	60
246	60
247	59
248	59
249	59
250	60
251	61
252	62
253	62
253	63
254	64
255	65
255	66
254	67
253	68
252	68
251	67
250	68
249	67
249	66
248	65
248	64
248	63
247	64
247	65
248	66
248	67
248	68
249	69
249	70
249	71
250	72
250	73
250	74
251	75
251	76
251	77
252	78
252	79
252	80
253	81
253	82
253	83
254	84
254	85
254	86
255	87
255	88
255	89
256	90
256	91
255	90
255	91
254	91
253	92
252	93
253	94
254	95
254	96
254	97
254	98
253	99
252	100
251	101
250	101
249	101
248	102
247	101
248	100
246	99
247	98
248	97
249	97
250	96
250	95
251	94
251	95
250	97
250	98
250	99
250	100
249	102
249	103
249	104
250	105
251	105
252	104
253	105
254	105
255	106
256	107
256	108
256	109
256	110
256	111
255	111
255	112
256	113
256	114
255	114
256	115
256	116
255	117
256	118
256	119
255	119
256	120
256	121
256	122
255	122
256	123
256	124
255	124
254	125
253	126
252	127
251	128
250	129
249	129
249	130
249	131
248	130
247	129
246	129
245	130
244	131
243	131
242	130
241	130
240	129
239	128
238	127
237	126
236	125
235	124
235	123
234	123
233	123
234	122
235	121
236	120
237	120
238	120
239	120
239	121
240	121
241	122
242	123
243	124
244	125
243	126
242	127
241	128
240	129
239	130
236	133
235	133
234	132
233	131
232	131
231	130
230	131
229	130
228	129
227	130
226	129
225	128
225	127
224	126
223	125
222	124
221	125
220	125
219	125
218	126
219	127
219	128
220	129
221	130
222	131
223	132
222	133
223	134
224	135
225	134
225	133
226	134
227	134
228	135
229	135
230	136
231	136
232	136
233	136
234	137
235	138
236	138
235	139
235	140
235	141
236	142
237	143
238	144
238	143
239	142
239	141
239	140
240	139
240	138
241	139
241	140
242	141
243	141
244	140
244	141
244	142
243	145
244	144
245	143
246	144
247	144
248	145
249	146
250	147
251	147
252	147
253	147
254	147
252	146
252	145
253	144
254	143
253	142
252	143
251	142
250	141
249	141
248	142
247	141
247	142
247	143
246	145
246	146
246	147
246	148
246	149
245	149
244	148
243	147
242	147
241	146
240	145
239	146
238	146
238	147
238	148
238	149
239	150
240	151
241	151
242	152
243	152
244	152
245	153
246	153
247	152
247	151
247	150
248	151
249	152
250	151
251	151
252	151
253	152
254	153
255	154
255	155
256	155
256	156
255	157
256	158
256	159
256	160
256	161
256	162
256	163
255	161
254	160
253	159
252	158
251	157
250	156
249	155
248	156
247	157
246	156
245	157
244	156
243	155
242	155
241	155
240	156
239	157
238	156
237	155
236	154
235	153
234	153
233	152
233	151
232	150
233	149
232	148
232	147
231	146
230	146
229	146
228	146
227	146
226	146
225	145
224	144
223	143
222	142
221	141
220	141
219	142
218	143
217	144
216	145
215	146
214	145
213	144
212	143
211	142
210	142
209	141
208	140
208	139
208	138
208	137
208	136
207	135
207	134
207	133
207	132
207	131
206	132
205	132
204	131
203	131
203	130
202	130
201	129
200	128
199	127
198	126
197	125
197	124
196	123
195	123
194	123
193	123
193	122
192	121
191	120
190	119
189	120
188	119
187	118
187	117
186	116
185	115
184	114
184	113
183	112
182	111
181	111
180	112
179	113
178	114
177	113
176	112
175	111
174	110
175	109
176	108
177	107
178	106
179	105
180	105
181	104
182	104
183	104
184	105
185	106
186	106
186	107
187	108
188	109
188	110
188	111
189	112
190	112
191	113
192	113
193	114
193	115
194	116
195	117
196	118
197	119
198	120
199	120
200	121
201	122
202	121
203	121
204	122
205	123
206	124
206	125
207	126
208	127
209	127
210	127
211	128
212	129
213	130
214	130
215	131
216	132
217	133
217	134
218	135
219	136
220	137
219	138
218	139
217	140
216	139
215	138
215	137
214	136
213	137
213	136
213	135
212	135
211	135
210	134
209	135
208	137
207	138
206	137
205	136
204	137
203	136
202	135
201	135
200	134
199	134
198	133
197	132
196	131
195	130
194	129
193	128
192	129
191	128
190	128
189	127
188	126
187	125
187	126
187	127
187	128
187	129
187	130
187	131
187	132
187	133
187	134
188	133
189	132
189	131
191	132
192	132
190	133
191	135
192	136
191	137
192	138
193	138
194	139
195	140
196	141
197	142
196	142
195	143
194	144
194	145
193	144
192	143
191	143
190	142
190	141
189	140
188	139
188	138
187	138
186	137
187	136
186	135
185	134
184	133
185	132
184	131
183	130
182	129
181	130
180	131
179	132
180	133
179	134
179	135
178	136
175	136
172	135
173	136
174	136
176	137
177	137
177	138
178	139
178	140
179	141
178	142
178	143
178	144
179	143
180	143
180	144
180	143
180	142
181	141
181	140
181	139
181	138
182	139
183	140
184	141
185	142
186	143
187	144
187	145
188	146
189	147
190	148
191	149
192	150
193	151
192	152
193	153
193	154
194	155
193	156
194	157
195	158
196	159
197	159
198	160
199	161
200	162
201	161
202	160
203	159
204	158
205	158
206	159
207	159
208	159
209	160
210	161
211	162
212	163
213	163
214	162
215	163
216	162
217	161
218	161
219	160
220	159
221	158
222	157
223	156
224	155
225	155
226	154
227	153
228	154
229	155
230	156
231	156
230	155
229	154
228	153
227	152
226	151
225	151
224	150
223	150
222	149
221	150
220	151
219	152
219	153
218	154
217	154
216	154
215	154
214	153
213	152
212	151
211	150
210	149
210	148
210	147
209	147
208	146
207	146
206	145
206	144
205	144
205	143
204	143
203	144
202	145
201	145
200	145
199	146
198	147
197	148
196	149
197	150
196	151
197	152
198	153
199	153
200	154
201	153
202	152
203	151
204	150
205	150
206	151
206	152
206	153
207	154
207	155
207	156
207	157
207	158
208	160
208	161
208	162
208	163
209	164
209	165
209	166
209	167
209	168
210	169
210	170
210	171
210	172
209	171
209	170
208	169
207	170
206	170
205	169
204	168
203	167
202	166
202	165
203	164
204	163
205	164
206	165
207	165
208	166
209	166
210	167
211	167
212	168
213	169
214	170
215	169
216	170
217	170
218	171
219	172
219	173
220	174
221	173
222	173
223	174
224	175
225	175
225	176
226	176
227	175
228	175
230	174
231	174
232	174
233	173
234	173
235	173
236	172
237	172
238	172
238	171
237	170
236	169
235	168
234	167
233	167
232	166
231	165
230	164
229	163
228	162
227	161
226	160
227	159
228	158
229	159
230	160
231	160
232	159
233	158
234	159
235	160
236	161
237	162
237	163
238	164
239	165
240	166
241	165
242	166
243	167
243	168
244	169
245	170
246	171
247	172
248	172
249	173
250	174
251	173
252	174
253	173
254	172
254	171
255	170
255	169
254	168
253	167
252	167
251	166
250	165
249	164