256	8
256	7
255	6
255	5
254	6
253	5
253	4
252	3
252	4
251	4
250	3
250	2
249	3
248	4
247	3
246	4
245	5
246	6
247	7
248	7
249	7
250	8
251	9
252	10
253	11
254	10
255	11
256	11
256	12
255	13
254	14
253	15
252	16
251	15
250	16
249	17
248	18
247	17
246	16
245	15
244	14
243	15
242	16
241	16
240	16
239	17
238	18
237	19
236	20
235	20
234	19
233	19
232	20
231	20
230	20
229	20
228	19
227	18
226	17
225	17
224	16
223	15
222	14
221	13
220	12
219	12
218	12
217	13
216	13
215	13
216	13
216	14
217	15
218	16
219	17
220	18
221	19
221	20
222	20
222	21
223	22
224	22
225	23
226	22
227	23
228	24
229	24
230	24
231	25
232	25
233	24
234	24
235	25
234	26
233	27
232	28
231	28
230	29
229	30
228	31
227	31
228	32
229	33
230	32
231	32
232	33
233	34
234	35
235	35
236	36
237	37
238	37
239	38
240	39
241	39
242	40
242	41
243	42
242	41
241	40
240	38
240	37
239	36
238	35
238	34
239	33
240	32
241	33
242	34
242	35
243	36
244	37
245	37
246	38
247	39
248	40
247	41
248	42
249	42
250	43
251	43
252	44
253	44
254	45
255	46
256	47
256	48
255	49
256	50
255	51
254	52
253	53
253	54
252	55
251	56
250	55
250	54
249	53
248	52
249	51
248	50
248	49
248	48
248	47
247	46
246	45
247	45
248	44
249	44
250	44
252	43
253	43
254	42
255	42
256	42
256	41
255	41
255	40
254	39
255	39
256	39
255	38
254	37
253	38
252	37
253	36
252	35
252	34
252	33
251	34
250	35
249	35
248	34
247	33
246	32
245	31
244	30
243	30
243	29
242	28
241	28
241	27
242	26
242	25
242	24
243	23
243	22
244	21
244	20
244	19
245	19
246	20
247	21
248	22
249	21
250	21
251	21
252	22
253	22
253	23
253	24
254	23
255	24
255	25
254	26
253	27
252	28
251	29
251	30
250	31
249	30
248	29
249	28
249	27
248	26
247	27
246	26
245	25
244	25
244	24
243	23
242	22
241	23
240	24
239	25
238	26
237	27
238	28
237	29
236	30
235	31
234	30
233	30
232	29
231	29
230	28
229	28
228	27
227	27
226	28
225	27
224	26
223	25
222	24
221	23
220	22
219	21
218	21
217	20
216	19
216	18
215	17
214	16
213	15
212	14
211	14
210	15
209	15
208	15
206	16
205	16
204	16
203	17
202	17
201	17
202	18
203	19
204	20
205	19
206	20
207	21
208	22
209	22
210	23
211	24
211	25
210	26
209	27
208	28
207	27
207	26
206	26
205	25
204	24
203	24
202	23
201	23
200	22
199	21
198	20
197	20
196	19
195	18
194	17
193	16
192	15
191	16
190	15
189	14
188	13
187	12
186	13
185	12
184	13
183	14
182	15
181	14
180	15
179	16
178	15
177	14
178	13
177	12
176	11
175	12
175	11
174	10
173	11
172	12
174	13
175	14
176	15
177	16
178	17
179	17
180	18
181	19
182	19
183	18
184	19
185	18
185	17
186	17
187	18
188	18
189	17
190	16
191	15
192	14
193	13
194	12
195	11
196	10
197	10
198	11
199	12
200	12
201	13
202	12
203	13
204	14
205	13
206	14
207	15
208	14
209	13
210	12
211	11
212	11
212	10
213	10
214	9
215	8
216	9
217	10
218	11
219	12
220	13
221	13
222	12
223	11
224	10
225	10
226	11
227	10
228	11
229	11
230	11
231	12
231	13
232	14
233	13
234	14
235	13
236	12
237	12
238	13
239	12
240	11
241	10
240	10
239	9
238	8
238	7
237	6
238	5
237	4
236	3
235	2
235	3
234	3
233	2
232	2
231	2
230	3
232	8
231	7
230	6
229	5
229	4
228	3
227	3
226	2
227	1
226	1
225	1
224	1
223	1
222	1
221	1
221	2
221	3
222	4
222	5
222	6
222	7
221	6
220	5
219	4
218	3
217	2
216	2
215	2
214	1
213	1
213	2
212	2
211	3
210	4
209	5
208	5
207	6
206	6
205	7
204	6
203	5
202	4
202	3
201	2
200	1
199	1
198	2
197	3
196	4
195	5
195	6
194	7
193	7
192	8
191	7
190	6
189	5
188	4
187	5
186	6
185	6
184	7
183	8
182	9
181	9
180	10
179	11
180	10
180	9
180	8
181	7
181	6
181	5
182	4
182	3
181	2
180	1
179	2
180	3
179	4
178	5
177	5
177	6
176	6
176	5
176	4
175	4
174	4
173	5
172	4
172	5
172	6
172	7
172	8
172	9
171	8
170	7
169	7
169	6
168	6
167	7
166	7
165	8
164	7
163	8
162	9
161	9
160	9
159	8
158	7
157	6
156	5
155	4
154	5
153	4
152	3
151	2
150	3
149	2
148	3
147	2
146	2
146	1
145	1
144	1
143	2
142	1
141	2
141	3
141	4
140	5
141	6
142	7
143	7
144	7
145	7
146	7
147	7
148	7
148	8
149	8
150	9
151	10
151	9
152	8
153	9
154	10
155	10
156	10
157	10
157	11
156	11
155	12
154	12
153	12
152	13
151	13
150	13
149	14
148	14
147	14
146	15
145	15
144	15
144	14
143	14
142	15
141	16
140	16
140	17
141	18
142	19
143	19
144	18
145	18
146	19
147	19
148	20
149	21
150	22
151	21
152	21
155	21
157	22
156	21
154	20
153	19
152	18
151	17
152	18
152	19
153	20
153	21
154	22
154	23
155	24
156	25
157	26
156	27
157	28
157	29
158	28
159	28
160	29
160	30
161	30
162	30
163	31
164	31
165	32
166	32
167	33
168	32
169	33
170	33
171	33
172	34
173	35
174	36
175	36
176	36
177	37
178	38
179	39
180	39
181	40
181	41
182	42
182	43
183	44
184	43
185	43
186	44
187	45
188	46
189	46
190	47
189	48
189	49
188	50
187	49
188	50
189	51
190	52
190	53
191	52
192	51
193	52
194	51
195	50
196	49
197	48
198	47
199	46
200	45
201	44
202	43
203	42
204	41
205	40
206	41
207	42
208	43
209	44
210	45
211	45
212	46
213	47
214	47
214	48
215	48
215	49
214	50
215	51
216	52
217	52
218	53
219	54
220	55
221	56
222	57
223	58
224	58
225	57
226	57
227	56
228	55
229	56
230	57
231	58
230	57
229	56
228	55
227	54
226	53
225	52
224	52
224	51
223	51
223	50
222	50
221	51
220	50
219	49
218	48
219	48
219	47
219	50
219	51
219	52
219	53
219	54
219	55
219	56
219	57
219	58
219	59
219	60
218	60
218	61
217	62
216	61
215	60
214	59
213	59
213	58
212	57
211	57
210	56
209	55
208	54
208	53
207	52
206	51
205	50
204	49
203	50
202	51
201	52
200	53
200	54
199	54
198	53
197	54
196	55
196	56
195	57
194	58
193	59
192	60
191	60
190	61
189	62
188	63
187	64
186	64
185	65
184	65
183	66
182	67
183	68
184	69
185	70
186	71
187	72
190	75
191	76
192	77
192	78
191	77
190	77
189	78
188	78
187	78
186	77
185	76
184	77
183	78
182	79
181	79
180	79
179	80
178	81
177	81
177	82
176	82
175	81
174	80
173	80
172	79
171	78
170	77
170	76
169	75
169	74
168	73
167	72
166	72
165	71
164	72
163	72
162	72
162	71
163	70
163	69
163	68
162	67
161	66
160	65
159	65
158	64
157	63
156	62
155	63
154	62
153	61
152	60
151	61
150	61
149	60
148	59
147	58
146	57
145	56
144	55
143	54
142	52
141	50
142	51
143	52
144	53
145	54
146	53
147	52
148	51
149	52
150	52
151	53
152	54
153	54
154	55
155	55
156	56
157	56
158	57
159	57
160	58
161	59
162	59
163	60
164	60
165	61
166	62
167	63
168	64
169	65
169	66
168	67
169	68
169	69
170	70
170	71
171	72
172	73
173	73
174	74
175	75
176	76
177	76
178	77
179	76
180	76
181	75
182	74
183	73
184	73
185	72
186	71
187	72
188	73
189	74
190	74
191	73
192	72
192	73
193	74
194	75
195	76
195	77
196	78
197	78
198	79
199	80
200	79
201	78
200	78
199	78
198	78
195	78
194	78
193	78
192	78
191	78
190	78
188	78
186	78
185	78
184	78
183	78
184	79
185	80
186	81
187	81
188	82
189	82
189	83
190	84
191	85
192	86
193	85
194	86
195	87
196	87
197	87
198	86
198	85
199	85
200	85
201	84
202	83
203	82
204	83
205	82
206	81
207	80
208	79
207	78
207	77
206	76
206	75
205	74
204	73
203	72
202	72
201	71
200	70
199	69
199	68
198	67
199	66
198	65
197	65
196	64
195	63
194	63
194	62
193	61
193	60
193	59
192	58
192	57
193	56
192	55
191	56
190	57
189	56
188	55
187	56
186	57
185	58
184	58
183	59
182	58
181	57
180	57
179	57
179	58
178	57
177	57
176	56
175	55
174	54
174	53
173	52
172	51
172	50
171	50
171	49
170	48
169	47
168	46
168	45
167	44
166	44
165	43
164	43
163	44
162	44
161	43
160	43
159	42
158	41
157	40
156	39
155	39
154	38
153	38
152	38
151	37
150	36
149	35
148	34
147	34
146	33
145	33
144	32
143	32
142	32
141	31
140	30
139	29
138	30
138	29
138	28
137	28
136	27
137	26
138	25
139	24
139	23
140	24
141	25
142	26
143	26
144	27
145	28
146	29
147	28
148	29
149	30
150	31
151	30
152	30
153	31
154	32
155	33
156	34
157	33
158	34
159	34
160	35
161	36
162	37
163	38
164	39
165	39
166	40
167	40
168	41
169	41
170	40
171	41
172	42
172	43
173	44
174	44
175	45
174	46
175	47
176	48
177	49
178	50
179	51
180	51
181	52
182	53
182	54
182	55
182	56
182	57
182	58
182	59
182	60
182	61
182	62
182	63
181	63
181	62
180	61
179	62
180	63
180	64
179	65
179	66
178	67
178	68
177	67
177	66
176	65
175	65
174	64
173	65
172	64
171	63
170	62
169	61
168	60
167	60
166	59
165	58
165	57
165	56
164	56
164	55
166	56
167	57
168	58
169	58
170	59
171	59
172	60
173	61
174	61
173	60
172	59
171	58
170	57
170	56
169	55
169	54
168	53
167	52
166	51
165	51
164	52
163	53
162	52
161	51
160	50
159	49
158	48
157	49
156	48
155	48
154	47
153	46
152	45
152	44
151	43
150	42
150	41
149	42
148	41
147	41
146	40
145	39
144	38
143	38
142	37
141	36
140	35
139	34
138	33
137	32
136	32
135	33
134	32
133	31
132	32
133	33
134	34
135	35
136	36
137	37
136	38
135	39
134	39
133	40
132	41
131	42
130	41
129	40
130	39
130	38
131	37
130	36
130	35
130	34
129	33
128	33
128	32
127	32
128	31
127	30
127	29
126	28
125	27
125	26
126	27
127	27
128	27
129	28
130	29
131	28
132	27
133	26
134	25
135	24
136	23
136	22
135	21
136	20
137	19
136	18
135	17
136	16
135	16
134	15
133	14
132	13
132	12
131	11
130	11
129	11
128	10
127	11
127	10
127	9
126	10
125	9
124	10
124	9
124	8
124	7
124	6
124	5
124	4
124	3
124	2
125	2
125	1
124	1
123	1
122	2
121	2
120	1
119	1
118	2
117	2
116	1
115	2
114	1
113	2
112	1
111	2
111	3
112	4
112	5
113	6
114	7
114	8
115	9
115	10
116	11
116	12
117	13
118	14
118	15
119	16
119	17
120	16
119	16
118	16
117	17
116	17
115	18
114	19
113	19
112	19
111	20
112	21
112	22
113	22
114	23
115	22
116	21
117	20
118	20
119	21
120	20
121	21
122	22
123	23
124	22
125	21
126	20
127	19
128	19
128	20
129	21
130	22
130	23
130	24
131	24
132	24
131	23
131	22
132	21
132	20
131	19
130	18
129	17
128	17
127	16
126	16
125	15
124	14
123	13
122	14
121	13
120	12
119	12
118	11
117	12
116	13
115	14
114	13
113	14
112	14
111	15
110	16
109	17
108	18
107	19
106	20
105	21
106	22
106	23
107	24
107	25
108	26
109	27
108	28
109	29
110	30
111	31
112	31
113	30
114	29
115	28
116	28
117	29
118	30
119	30
120	31
121	32
121	33
122	34
122	35
122	36
123	37
124	39
124	40
123	39
123	38
122	38
122	37
121	36
120	35
119	34
120	33
122	32
123	33
124	34
125	35
126	36
127	37
128	38
128	39
129	41
129	42
129	43
129	44
130	45
130	46
130	47
129	47
128	46
127	45
126	44
125	43
124	42
123	43
122	42
121	41
120	41
119	41
118	40
117	39
116	38
115	37
114	36
113	35
112	36
111	37
110	38
109	39
108	40
107	39
106	40
105	41
104	42
103	43
104	44
105	45
106	46
107	47
108	48
109	48
110	49
111	49
112	50
113	50
114	51
115	52
116	52
117	53
118	54
119	55
120	54
121	53
122	52
121	53
121	54
121	55
120	56
120	57
120	58
119	59
119	60
119	61
118	62
118	63
119	62
118	61
118	60
117	60
116	59
115	58
114	58
113	57
112	57
111	57
110	56
109	57
108	58
107	58
106	57
105	57
104	56
103	55
103	54
102	53
101	52
100	52
99	51
99	50
98	49
97	49
96	48
96	47
95	46
95	45
94	44
93	44
92	43
93	42
92	41
91	40
90	40
89	39
89	38
88	37
87	36
86	35
85	34
84	34
83	33
82	33
81	32
80	33
79	32
78	31
77	30
76	31
75	30
74	29
73	28
72	28
71	28
70	27
69	27
68	26
67	25
68	24
69	25
70	26
71	27
72	28
73	29
73	30
74	29
75	28
76	27
77	27
78	27
79	26
80	25
79	24
78	23
79	22
78	22
77	21
76	20
75	19
74	20
73	21
72	22
73	23
74	22
75	23
75	22
75	21
75	20
75	19
75	18
75	17
75	16
75	15
75	14
75	13
75	12
75	11
76	10
77	9
78	10
79	11
80	11
80	10
81	9
82	9
83	8
84	9
84	8
85	8
86	7
87	6
86	6
85	5
84	5
85	6
86	7
87	8
88	8
89	9
90	10
91	11
92	12
93	12
94	11
93	10
92	9
91	8
90	9
89	10
88	11
87	12
86	13
87	14
87	15
87	16
87	17
88	18
88	19
89	20
88	21
89	22
90	23
90	24
91	25
91	26
92	27
93	28
93	29
94	30
93	30
92	31
91	32
91	33
92	34
93	35
93	36
94	36
95	35
96	36
97	35
98	34
99	33
100	32
101	31
100	30
99	29
98	28
97	27
96	26
96	25
96	24
96	23
97	22
97	21
97	20
97	19
96	18
95	18
94	17
93	16
91	15
92	15
93	15
94	15
95	14
96	13
97	14
98	13
99	14
100	13
101	14
102	15
103	16
103	17
102	18
102	19
101	20
100	20
99	21
98	20
97	21
98	23
99	24
100	24
101	25
102	25
101	24
102	24
103	24
104	26
103	26
102	27
102	28
103	29
103	30
103	31
104	32
105	33
104	34
103	35
105	34
106	34
107	33
108	33
108	34
109	35
109	36
109	37
109	38
109	39
109	40
109	41
109	42
109	43
109	44
110	44
111	43
112	42
113	43
113	44
114	43
115	44
116	45
117	45
118	46
119	47
120	48
121	49
122	49
123	50
124	50
125	49
126	50
127	51
127	52
126	53
126	54
125	55
124	55
123	56
122	57
121	58
121	59
122	60
123	61
123	62
124	63
125	64
124	65
125	66
125	67
126	68
126	69
127	70
128	71
129	70
130	70
131	69
132	69
133	69
134	68
135	68
136	67
137	67
138	66
137	65
136	64
135	65
134	64
134	63
133	62
132	61
133	60
133	59
132	58
133	57
134	56
135	56
140	53
139	54
138	55
137	56
136	57
136	58
137	59
138	59
139	60
140	61
141	62
142	63
143	64
143	65
143	66
143	67
144	68
145	68
146	69
147	70
148	71
147	72
146	73
146	74
147	75
148	76
148	77
149	78
150	79
151	79
152	80
153	80
154	81
154	82
155	83
156	83
157	84
158	84
159	85
160	86
161	85
162	84
163	85
164	86
165	87
166	87
167	88
166	89
165	89
164	90
163	90
162	91
161	92
160	92
159	93
158	93
160	94
161	95
162	96
163	97
164	98
165	99
164	100
165	101
166	102
167	103
168	102
169	103
170	103
171	104
172	105
173	106
174	107
175	107
176	108
177	107
178	106
179	105
179	104
180	103
180	102
179	101
178	100
177	100
176	100
175	99
174	100
175	101
174	102
177	99
178	98
178	97
179	97
180	96
181	95
182	96
183	97
184	97
185	98
183	99
184	99
185	100
186	99
187	99
188	99
189	100
190	101
191	101
192	102
193	103
194	104
195	104
196	104
197	104
198	103
198	102
199	101
200	100
201	101
201	100
201	99
202	99
203	99
204	99
204	100
205	100
206	101
207	100
208	99
208	98
209	97
210	96
210	95
210	94
210	93
209	92
208	91
207	91
206	91
207	90
206	89
205	88
204	88
203	88
203	87
206	87
207	86
208	85
209	84
209	83
210	85
209	86
210	87
211	88
212	89
213	90
212	91
213	92
213	93
214	94
215	94
216	95
217	96
218	97
218	98
219	99
220	100
221	101
222	102
223	103
224	104
225	105
226	104
227	105
228	105
229	106
230	105
231	106
232	106
233	107
234	107
235	108
236	109
237	110
238	109
239	108
240	109
241	109
242	110
243	109
244	108
245	107
246	107
247	106
248	106
249	105
250	104
250	101
251	102
251	103
252	103
253	104
254	105
254	106
253	107
252	109
253	109
254	108
255	109
254	110
255	111
256	112
256	113
254	114
253	115
252	116
252	115
253	114
253	113
252	112
251	111
251	110
250	110
249	111
248	112
247	113
246	114
245	113
244	114
243	115
242	115
241	116
240	115
239	116
238	117
237	118
236	119
235	120
236	121
237	122
237	123
238	123
239	124
240	125
241	124
242	123
243	123
244	123
245	122
246	121
247	120
248	119
249	118
251	117
251	118
250	119
250	120
251	121
252	122
253	122
254	123
254	124
254	125
254	126
255	127
255	128
255	129
255	130
255	129
254	129
253	128
252	127
251	128
250	129
249	130
248	129
247	129
246	128
245	127
244	128
243	129
242	128
241	128
240	129
238	128
237	128
237	127
238	126
237	125
238	126
239	127
239	128
240	129
241	130
241	131
242	132
243	133
244	133
245	134
246	135
247	136
248	137
249	137
250	138
251	139
252	139
253	139
254	140
255	139
256	140
256	141
256	142
256	143
256	144
256	145
255	146
254	147
254	148
253	148
252	149
255	149
256	150
255	151
256	152
256	153
256	154
255	154
254	154
253	154
252	154
251	154
250	153
251	152
250	151
249	150
249	149
248	148
248	147
247	147
247	146
247	145
246	146
245	145
246	144
245	143
244	142
243	142
242	143
241	143
241	142
241	141
241	140
240	140
239	139
238	139
237	138
236	137
237	136
238	135
237	134
237	133
236	132
235	131
234	130
234	129
233	128
232	128
231	127
230	126
229	126
229	125
228	124
227	124
226	123
225	122
224	121
223	120
222	119
221	118
220	117
219	116
218	116
217	117
216	116
215	115
214	114
213	113
213	112
212	112
211	111
210	110
209	111
208	111
207	110
206	110
205	111
204	110
203	111
204	112
204	113
205	114
205	115
205	116
206	117
206	118
207	119
207	120
208	121
208	122
207	121
206	121
205	120
204	121
203	120
202	121
201	122
200	123
199	124
198	123
197	122
196	122
195	121
194	120
193	120
192	120
191	119
190	118
190	117
189	116
188	115
187	114
186	113
185	113
184	112
183	111
182	110
183	109
184	108
185	107
186	106
186	105
187	104
188	105
189	104
190	103
191	102
192	102
193	101
194	100
195	99
196	98
197	97
198	96
199	95
200	94
199	93
198	92
197	92
196	91
195	91
194	90
193	89
192	89
191	89
190	90
189	89
188	88
187	87
186	87
185	86
184	85
183	84
182	85
181	86
181	85
180	84
179	84
178	85
177	86
176	86
175	87
174	86
173	85
172	84
171	83
170	82
169	81
168	80
167	79
166	79
165	78
164	77
163	77
162	76
161	75
160	74
159	73
158	72
157	71
156	72
155	73
154	72
153	71
152	70
153	69
154	68
154	67
153	67
152	67
151	66
150	65
149	64
148	65
147	64
148	63
147	63
146	63
146	62
145	62
145	61
145	60
145	59
146	58
146	57
146	56
146	55
146	54
146	53
146	52
147	51
147	50
147	49
147	48
146	47
145	47
144	46
143	46
142	45
141	46
140	47
139	47
138	47
137	48
136	49
136	50
135	51
134	51
133	51
132	52
131	53
132	54
131	55
130	56
129	57
129	58
128	59
128	60
127	61
127	62
128	63
129	64
130	65
131	66
132	67
132	68
133	69
134	70
135	71
135	72
136	72
137	72
138	73
139	74
140	75
140	76
141	77
142	78
143	79
144	80
145	79
146	79
147	78
148	78
149	77
150	77
151	76
152	76
153	75
154	76
155	76
156	77
157	78
158	77
159	78
160	78
161	79
162	80
163	81
164	81
165	82
166	82
166	83
167	84
168	84
169	85
170	86
170	87
170	88
170	89
170	90
169	91
168	92
167	93
166	92
165	93
164	92
163	91
162	90
161	89
160	89
159	89
158	88
157	88
156	89
155	90
154	90
153	91
152	90
151	91
150	90
150	89
149	88
150	87
149	86
149	85
148	84
147	85
146	84
145	83
144	82
143	81
142	82
141	81
140	81
139	80
138	79
137	79
137	78
136	77
135	78
135	79
135	80
134	81
134	82
134	83
133	84
133	85
133	86
132	87
132	88
132	89
131	90
130	91
129	91
128	91
127	90
126	91
125	90
124	90
123	89
122	89
121	88
121	87
121	86
121	85
120	84
119	85
119	84
118	83
117	83
116	82
115	81
114	80
113	79
114	78
113	77
112	76
111	76
111	75
110	77
110	78
110	79
110	80
110	81
109	82
109	83
109	84
108	83
107	82
106	81
105	81
104	80
103	80
102	79
101	80
100	81
99	82
98	83
97	84
96	83
95	84
94	85
93	86
92	87
91	88
90	89
90	90
89	91
89	92
88	93
88	94
87	95
86	94
85	93
84	92
83	91
82	91
81	90
80	89
79	88
78	87
77	86
76	85
75	84
74	84
73	83
73	82
73	81
72	80
71	79
70	78
69	77
68	77
68	78
69	79
69	80
68	81
67	80
67	81
67	82
68	83
68	84
68	85
69	86
70	86
69	87
70	88
71	89
72	88
73	87
74	88
74	89
74	90
75	91
75	92
76	92
77	93
78	94
79	95
80	96
81	97
82	98
82	99
83	99
83	100
84	101
85	102
86	102
87	103
87	104
88	105
88	106
89	107
90	108
91	109
92	110
93	110
94	111
95	112
96	112
97	113
98	114
99	115
100	116
101	117
102	118
103	119
103	120
104	121
105	122
106	123
107	124
108	124
109	125
110	126
111	125
112	124
116	127
115	126
114	125
113	124
113	123
112	122
112	121
111	120
110	119
109	120
108	119
107	120
107	119
106	118
105	117
104	116
105	115
106	114
107	113
108	114
109	115
110	114
111	113
112	112
113	112
114	113
113	114
112	115
112	116
113	116
113	117
114	117
115	117
116	118
117	118
118	118
119	118
120	119
119	119
118	119
118	120
118	121
117	122
118	122
119	122
120	121
121	120
122	119
123	118
124	117
125	117
124	116
123	116
122	115
122	114
121	113
120	112
119	111
118	111
117	110
117	109
116	108
115	107
114	106
113	105
114	104
113	104
113	103
112	102
111	101
111	100
112	99
111	98
110	98
109	97
108	96
107	96
106	96
105	96
104	97
103	96
102	95
103	94
103	93
101	94
100	94
99	93
98	93
97	92
96	91
95	91
94	90
93	90
92	89
91	88
90	88
89	87
88	87
87	86
86	85
85	85
86	84
85	83
84	82
83	83
82	83
81	82
80	81
79	80
80	79
81	78
82	78
82	77
83	77
84	76
85	75
86	75
87	75
88	76
89	77
90	76
91	77
92	78
93	79
93	80
93	81
92	82
91	83
90	82
89	83
89	82
88	82
88	81
89	80
89	79
90	78
91	77
91	76
92	75
92	74
93	73
94	74
95	75
96	75
97	74
98	73
99	72
100	73
101	72
102	71
103	72
104	73
105	74
106	75
107	76
108	77
109	77
110	78
111	79
112	80
113	81
114	82
115	83
115	84
116	85
115	86
116	87
117	88
118	89
119	90
120	90
121	91
122	92
123	92
124	93
125	93
126	94
127	94
128	95
128	96
129	97
130	98
131	99
132	98
133	99
133	100
134	100
135	100
136	100
137	101
138	101
139	102
140	101
141	102
142	101
141	100
142	99
143	98
143	97
143	96
144	97
144	98
144	99
143	100
144	101
145	100
146	101
147	101
148	102
149	103
150	102
151	102
152	103
153	104
154	105
155	105
156	104
157	105
157	106
158	107
159	106
160	106
161	105
162	105
162	104
161	104
161	103
160	102
160	101
159	100
158	100
158	99
157	99
157	98
156	98
156	97
155	97
155	96
154	95
153	96
152	97
152	98
151	97
150	96
149	95
148	95
147	94
146	93
145	92
144	91
143	90
142	89
141	88
141	87
140	86
139	85
138	84
137	84
136	83
135	83
134	82
133	80
134	79
133	78
132	78
131	77
130	76
129	75
128	76
127	75
126	74
125	73
124	72
124	71
123	70
122	69
121	69
120	68
119	67
118	66
117	65
116	64
115	63
114	62
113	63
112	62
111	61
111	62
110	63
110	64
110	65
109	64
108	63
107	63
107	62
107	61
106	60
105	59
104	58
104	57
106	56
107	55
108	54
109	54
108	53
109	52
108	51
107	50
106	49
105	49
104	48
103	49
102	48
102	47
101	46
100	45
99	44
100	43
100	42
99	41
100	40
99	39
98	38
97	37
94	34
94	33
93	32
92	31
91	30
90	29
89	28
89	27
88	28
87	29
86	30
85	29
84	29
83	28
84	27
83	26
83	25
82	24
83	23
82	22
82	21
81	20
80	19
79	18
78	17
77	16
76	15
75	14
74	14
73	15
72	16
71	17
70	18
69	19
68	20
67	21
66	20
65	19
64	19
63	18
62	17
61	16
60	16
59	15
59	14
58	13
57	12
56	11
55	10
55	9
54	8
53	7
52	6
51	6
51	5
51	4
50	3
50	2
50	1
51	2
52	2
53	1
54	1
55	2
56	3
57	3
58	4
59	3
60	4
60	5
61	6
62	7
62	8
62	9
62	10
63	10
64	11
65	12
66	11
67	10
68	9
69	8
70	7
71	6
72	6
73	6
74	5
75	5
76	4
77	3
77	2
78	3
79	2
80	3
81	2
82	2
83	1
84	1
85	1
86	1
87	2
88	3
89	2
89	3
89	4
90	3
91	2
92	3
93	3
94	4
95	4
96	5
96	6
96	7
97	7
97	6
98	5
99	4
100	5
101	4
102	3
103	4
106	4
107	5
106	5
105	5
104	5
98	8
99	9
100	9
101	10
102	10
103	11
104	12
105	13
106	12
107	12
108	11
109	10
109	9
110	8
111	8
112	7
113	7
115	6
116	5
117	4
118	5
119	6
120	7
121	6
122	5
123	6
124	5
125	5
126	4
127	4
128	3
128	2
129	2
130	3
131	2
132	1
133	2
133	3
134	3
135	2
136	2
137	2
138	2
139	3
138	3
137	4
136	4
135	4
134	5
133	5
132	5
131	6
130	6
131	7
132	7
133	7
134	8
135	9
136	9
137	10
137	11
138	12
139	11
140	12
141	12
142	11
143	10
144	9
145	9
146	10
147	11
148	12
149	13
150	14
151	14
152	14
153	13
154	13
155	14
156	15
157	14
158	15
159	16
160	17
159	18
160	19
161	20
162	20
162	21
163	20
164	21
165	22
165	23
166	24
167	24
168	25
168	26
169	27
170	28
171	28
172	29
173	29
174	29
175	29
176	30
177	30
178	30
179	30
180	29
181	30
182	31
183	32
183	33
184	34
185	33
186	32
187	31
188	30
189	29
190	30
191	31
192	32
192	33
193	34
194	34
195	34
196	34
197	33
198	33
198	32
199	32
200	33
201	34
204	37
203	37
203	36
202	35
201	35
200	36
200	37
199	38
198	38
198	39
197	40
196	41
195	41
194	42
193	42
192	41
191	40
190	39
191	38
190	37
189	38
188	37
188	38
187	39
186	38
186	37
185	37
184	36
183	36
182	36
181	35
180	36
180	35
179	34
178	33
177	33
176	33
175	32
174	31
175	30
174	28
175	27
174	26
173	25
172	24
171	24
170	23
171	22
170	21
169	20
168	19
167	18
166	18
166	17
165	16
164	15
164	14
163	13
164	12
166	15
167	14
168	15
169	14
170	15
171	16
171	17
171	18
172	19
173	20
174	21
175	22
176	21
177	22
178	23
179	24
180	25
181	24
182	24
183	23
184	23
185	24
186	23
187	22
188	21
189	22
190	23
191	22
192	22
193	23
194	22
194	23
194	24
193	25
194	26
195	25
195	26
195	27
196	28
197	28
198	29
199	28
200	28
201	29
202	30
203	31
204	32
205	32
206	32
207	33
208	34
209	35
210	36
211	37
212	37
213	38
214	38
215	39
216	40
217	41
218	41
219	42
220	43
221	44
222	45
223	46
224	47
225	46
226	47
227	48
228	49
229	49
230	50
231	49
232	50
233	51
234	52
235	52
236	53
237	53
238	54
238	55
239	54
240	53
240	52
239	51
238	50
237	49
237	48
236	47
235	46
234	45
233	45
232	46
230	47
231	46
232	45
233	44
232	43
231	42
230	42
229	43
228	42
227	41
226	40
225	40
224	39
223	38
222	37
221	36
221	39
220	38
220	37
219	37
218	36
217	36
216	35
216	34
215	33
214	33
214	32
214	31
213	30
212	29
211	30
212	31
213	32
212	33
211	34
211	33
212	32
212	31
212	30
213	29
213	28
213	27
214	26
214	25
215	26
216	27
216	28
217	29
218	28
219	29
220	30
220	31
221	32
222	33
223	33
224	34
225	34
226	35
227	35
228	36
229	37
230	38
231	39
232	38
233	38
234	39
235	40
236	41
236	42
237	43
238	44
239	45
239	46
240	47
241	47
242	48
243	48
244	49
243	50
244	51
245	52
244	53
243	54
244	55
244	56
245	57
246	58
247	59
248	60
249	61
249	62
249	63
249	64
249	65
249	66
249	67
249	68
249	69
250	70
251	69
252	68
253	69
254	68
255	68
256	67
255	66
255	65
254	64
253	63
252	63
251	64
250	63
249	63
248	64
247	65
246	64
245	64
244	63
243	62
243	61
242	60
243	59
242	58
241	59
240	58
239	59
239	60
239	61
239	62
239	63
238	64
238	65
238	66
238	67
238	68
238	69
239	68
240	67
241	66
241	65
240	64
239	63
238	62
237	62
236	61
235	61
234	61
233	62
232	63
233	64
232	65
233	66
234	67
234	68
234	69
235	70
236	71
237	72
237	73
237	74
236	73
235	74
234	75
233	75
232	74
232	73
231	72
230	72
229	71
229	70
228	69
228	68
227	67
226	68
225	67
224	67
224	66
223	66
222	65
221	64
220	64
219	64
218	65
217	65
216	66
215	66
214	67
213	67
212	68
211	67
211	68
211	69
212	70
213	71
214	72
214	73
215	74
216	75
217	75
218	76
219	77
220	78
221	79
222	79
223	79
224	80
225	81
226	80
226	81
227	82
227	83
228	84
229	85
228	86
227	85
226	86
225	87
224	88
223	89
222	89
221	88
220	87
219	86
218	85
219	84
219	83
218	82
217	81
216	82
215	82
214	82
213	81
212	80
212	79
212	78
212	77
211	76
211	75
212	74
211	73
210	73
210	72
209	71
208	70
207	70
206	69
206	68
205	67
205	66
204	65
204	64
203	63
202	62
201	61
200	61
199	60
198	59
199	58
200	57
201	58
202	59
203	59
204	60
205	60
206	61
207	62
208	63
209	64
210	65
211	66
212	66
213	67
214	68
215	69
216	70
217	70
218	71
219	71
220	72
221	73
222	74
223	73
224	74
225	75
226	76
227	76
228	77
229	77
230	78
231	79
232	80
233	80
234	79
235	80
236	79
237	78
238	78
239	77
240	76
241	75
242	76
243	75
244	76
245	77
246	78
247	77
247	76
247	75
248	74
248	73
249	74
250	75
251	76
252	75
253	76
254	76
255	76
254	77
253	78
254	79
253	80
254	81
253	82
252	81
251	82
250	82
249	81
248	80
247	80
247	79
248	80
249	81
249	82
250	83
251	84
252	85
252	86
253	87
254	87
255	88
256	89
256	90
256	91
255	92
254	93
253	94
253	95
252	96
251	95
250	94
249	93
248	92
247	91
246	90
245	90
244	89
243	90
242	91
241	91
240	92
240	93
241	95
242	97
241	96
240	95
239	94
238	94
237	93
236	93
235	93
236	93
237	94
240	94
241	94
242	95
243	95
244	95
245	96
246	97
246	98
247	99
247	100
246	101
245	101
244	102
243	103
242	104
241	103
240	102
240	101
239	100
238	99
237	98
236	98
235	97
234	98
233	97
232	96
231	95
230	94
230	93
229	92
230	91
230	90
231	89
232	89
233	89
234	88
235	87
236	88
237	89
238	89
239	88
240	87
241	86
242	85
243	85
244	86
245	85
246	84
247	83
248	84
249	85
248	84
247	84
246	83
245	83
244	82
243	82
243	81
243	80
242	81
241	80
240	81
239	81
239	82
239	83
239	84
238	83
237	83
236	84
235	85
234	84
233	83
232	83
232	84
231	84
230	85
229	86
228	87
227	88
226	89
225	90
225	91
225	92
226	93
225	94
224	95
224	96
225	97
226	98
227	98
227	99
228	100
229	101
230	102
231	101
232	102
233	102
234	103
235	103
236	104
237	104
238	104
237	105
237	106
237	107
237	108
237	109
237	110
237	111
237	112
237	113
236	112
235	113
234	114
233	115
232	114
231	115
231	116
230	117
229	117
228	117
227	117
226	116
225	115
224	114
224	113
223	112
222	112
221	111
220	110
219	110
218	110
217	109
216	108
215	107
214	107
213	107
212	106
211	106
210	105
209	104
208	104
207	105
206	104
205	105
204	105
203	106
202	105
201	106
200	107
199	108
198	108
197	108
196	109
195	109
194	109
194	110
195	111
195	112
196	113
197	114
198	115
199	115
200	114
201	115
202	116
203	117
204	116
206	115
207	115
208	114
209	115
210	116
210	117
211	117
211	118
212	119
213	120
212	121
213	122
212	123
211	124
210	125
209	126
208	127
207	128
206	129
205	130
204	131
203	131
202	131
201	130
201	129
200	128
199	127
199	128
198	129
197	130
196	131
195	130
195	129
195	128
195	127
195	126
195	125
194	126
193	126
192	127
191	128
191	127
191	126
190	125
190	124
189	123
188	122
187	122
186	122
185	121
184	121
183	122
182	123
181	123
180	123
179	124
178	124
177	124
176	123
175	122
175	121
174	120
173	121
172	122
173	121
175	120
176	119
177	119
178	118
179	117
180	117
178	116
177	115
176	115
175	114
174	113
173	112
172	112
171	111
170	111
169	111
168	111
167	112
166	113
165	114
164	114
163	115
162	115
161	116
160	116
159	117
159	118
159	119
158	120
159	121
160	122
161	123
162	124
163	125
162	126
162	127
163	127
164	128
165	129
165	130
166	131
166	132
167	132
168	133
169	133
170	134
171	133
172	134
173	135
174	136
175	136
176	136
177	136
178	136
179	136
180	136
181	135
182	135
183	135
184	135
185	135
186	135
187	135
186	134
185	134
184	133
184	132
183	133
182	132
181	133
180	134
179	135
179	136
180	137
181	138
182	138
183	138
184	138
185	137
186	138
187	139
188	139
188	140
189	141
190	141
190	142
191	142
192	143
192	144
193	145
192	146
191	147
190	147
189	146
188	145
187	145
186	144
185	144
184	143
183	144
182	145
181	144
180	143
179	142
178	142
177	141
176	142
175	143
174	142
173	141
172	140
171	139
170	140
169	141
168	142
167	143
166	142
165	141
164	141
163	140
162	140
161	139
160	138
159	137
158	138
157	137
156	136
155	135
154	134
153	133
152	132
151	133
150	132
149	133
148	134
148	135
147	136
146	135
145	136
144	137
144	138
143	139
142	138
141	139
140	139
139	140
138	140
138	141
138	142
138	143
138	144
138	145
138	146
138	147
138	148
138	147
137	146
136	145
135	146
134	146
133	145
132	145
131	144
130	143
129	144
128	143
127	142
126	141
125	141
124	141
123	142
122	143
121	144
120	143
119	144
120	145
119	146
118	147
117	147
116	146
115	145
114	145
113	144
112	143
112	142
112	141
111	140
110	140
109	139
109	138
108	137
107	136
106	135
105	136
104	135
104	134
103	133
102	132
101	131
100	130
99	129
99	128
99	127
99	126
100	125
100	124
100	123
100	122
100	121
99	120
98	121
97	121
96	121
97	120
97	119
96	118
95	117
94	116
93	116
92	115
91	115
90	116
89	117
90	118
90	119
89	120
88	119
87	120
86	119
85	118
84	119
84	120
84	121
83	122
83	123
82	124
81	124
80	124
79	123
78	124
77	124
76	125
75	124
74	124
73	125
72	126
71	125
70	125
69	125
68	124
68	123
67	122
67	121
66	120
65	121
64	121
63	120
62	119
62	120
61	120
60	119
59	118
59	117
58	116
58	115
57	115
56	114
55	113
54	113
53	113
52	113
52	112
52	109
51	110
51	111
50	112
49	112
48	112
47	111
48	108
47	109
46	110
45	111
44	110
43	110
42	111
41	110
40	109
41	110
41	111
42	112
43	113
43	114
44	115
45	116
46	117
47	118
48	119
49	118
50	117
51	118
52	118
53	119
54	120
55	121
56	122
57	123
58	123
59	123
60	123
61	124
62	125
63	126
64	126
65	127
66	127
67	128
67	129
68	130
69	131
70	132
71	133
72	133
73	132
74	132
74	131
75	130
76	129
77	128
78	128
79	129
80	130
81	131
82	132
83	131
84	130
85	131
86	132
87	133
87	132
88	131
88	130
88	129
88	128
89	127
89	126
89	125
90	124
91	123
92	122
93	123
94	124
95	125
96	126
97	127
98	126
99	125
100	124
101	125
102	126
102	127
103	128
104	127
105	127
106	127
107	128
108	129
109	129
110	130
111	131
112	130
113	131
114	131
115	132
116	133
115	134
114	135
115	136
116	137
117	138
117	139
117	140
118	140
119	140
119	139
118	138
118	137
118	136
119	135
120	135
121	134
122	133
123	133
124	132
125	131
126	131
127	131
128	131
129	132
130	133
130	134
131	135
132	135
133	136
134	137
135	136
136	135
137	134
138	133
139	132
140	132
141	131
142	130
143	129
144	128
145	127
146	127
147	126
148	126
149	126
150	126
151	125
152	125
153	124
154	125
155	126
155	127
156	128
156	129
157	130
158	131
159	132
160	133
161	133
161	132
162	131
162	130
162	129
162	128
163	126
163	125
163	124
164	123
164	122
164	121
164	120
165	119
165	118
165	117
165	118
166	119
166	120
167	121
166	122
167	123
168	123
169	124
169	125
170	126
171	127
172	128
173	128
174	129
175	130
176	130
177	131
178	131
178	130
179	129
180	128
181	127
182	127
183	128
184	127
185	128
186	128
187	129
188	130
189	131
190	132
190	133
191	134
192	135
193	136
194	137
195	138
196	139
197	140
198	139
199	139
200	138
201	137
202	137
203	136
204	135
204	136
204	137
204	138
204	139
204	140
203	141
203	142
203	143
203	144
203	145
203	146
203	147
203	148
204	148
205	148
205	147
206	148
207	147
207	148
207	149
208	149
208	150
209	150
210	151
211	152
212	153
213	153
214	154
215	154
216	155
217	155
218	155
219	155
220	156
221	157
222	158
222	159
223	159
223	160
224	160
225	161
226	161
226	162
227	163
226	164
225	165
224	166
223	167
222	168
221	167
220	166
219	165
218	164
217	165
216	164
216	163
215	162
214	161
213	161
212	160
211	159
210	158
209	157
208	156
207	155
206	155
205	154
204	153
203	152
202	151
201	150
200	149
199	148
198	149
197	148
196	147
195	147
194	148
194	147
194	146
195	145
195	144
195	143
195	142
196	143
197	144
198	143
199	143
200	144
201	145
202	144
203	143
204	143
205	142
206	141
207	142
208	143
209	144
210	145
211	146
212	147
213	147
214	148
215	149
216	149
217	148
218	148
219	148
220	149
221	149
220	150
221	151
222	152
223	153
224	152
225	151
226	150
227	149
228	150
229	150
230	149
231	150
232	151
233	152
234	153
235	152
235	151
235	150
235	149
235	148
235	147
235	146
234	145
234	144
234	143
234	142
234	141
234	140
234	139
234	138
233	137
232	136
231	136
230	135
229	134
228	133
227	133
226	132
225	131
224	130
223	129
222	128
221	128
220	127
219	126
218	125
217	124
216	125
215	126
214	127
213	128
212	129
212	130
211	131
210	132
209	132
208	133
207	134
208	134
209	135
210	136
211	137
212	137
213	138
214	138
215	139
216	139
217	140
218	141
219	141
220	142
221	143
222	144
223	145
224	145
225	146
225	147
225	148
225	149
225	150
225	151
225	152
225	153
225	154
225	155
226	156
227	157
227	156
227	155
228	156
229	156
230	156
231	155
232	155
233	154
234	154
235	154
236	154
237	154
237	155
238	156
239	157
240	158
241	159
242	159
242	160
243	160
242	160
241	160
240	160
239	160
238	160
237	160
234	161
233	161
232	161
231	161
230	161
231	160
232	161
233	162
234	162
235	161
236	161
236	162
237	162
237	163
238	164
239	165
240	166
241	167
242	168
243	168
244	169
245	170
246	171
247	172
248	172
249	173
250	174
251	175
252	176
252	177
253	178
255	181
256	182
255	183
254	184
253	184
252	183
251	182
250	182
249	183
248	184
247	185
246	184
245	184
244	183
243	184
242	183
241	182
240	181
239	182
239	183
238	184
238	185
238	186
237	187
237	188
236	187
235	187
234	187
233	186
232	185
231	184
230	183
229	182
228	181
227	182
227	181
226	180
225	179
224	178
223	177
222	176
221	175
220	174
219	173
218	172
217	173
216	172
215	172
214	171
213	172
212	171
211	171
210	170
209	169
208	169
207	169
206	168
205	168
204	167
203	166
202	165
201	164
200	163
199	162
199	161
199	160
198	159
198	158
197	157
196	156
195	155
194	154
193	154
192	153
191	153
190	152
189	151
188	151
187	150
186	150
184	149
185	149
186	150
187	151
189	152
190	152
191	153
192	154
193	155
192	156
191	157
191	158
192	159
193	160
194	161
194	162
193	163
192	164
191	165
192	166
192	167
191	168
190	169
189	170
188	171
187	172
186	173
185	174
184	175
183	174
182	173
181	172
180	173
180	174
179	175
178	174
177	175
176	176
175	175
174	175
173	175
172	174
172	173
172	172
172	171
172	170
172	169
172	168
172	167
172	166
172	165
171	165
170	165
169	164
168	163
167	162
168	161
167	160
166	160
165	159
165	158
165	157
164	158
163	157
162	156
161	155
160	155
159	154
158	153
157	153
156	152
155	153
154	153
153	152
152	152
151	151
150	151
149	151
150	150
151	149
152	148
152	147
151	146
150	145
149	144
148	144
147	144
146	145
147	145
148	146
149	146
150	146
151	147
152	147
153	147
154	148
155	148
156	149
157	148
158	147
159	148
160	147
161	148
162	148
163	149
164	150
165	149
166	148
167	147
168	147
169	147
170	148
171	149
172	150
173	150
174	150
175	151
176	152
177	153
178	154
179	155
179	156
180	157
181	158
181	159
180	159
179	160
178	161
177	162
176	163
175	162
174	161
173	160
172	160
171	159
170	158
169	157
169	156
168	155
167	154
166	153
165	154
164	155
165	154
166	152
167	151
168	150
168	149
169	148
170	147
170	146
171	145
171	144
172	144
173	145
174	146
175	146
176	146
177	147
178	148
179	148
179	149
180	150
181	151
181	152
182	153
183	153
184	154
183	155
184	155
185	156
186	155
187	156
186	157
186	158
186	159
185	160
185	161
184	162
185	162
186	162
187	162
187	163
188	163
188	164
189	165
188	165
187	165
186	166
185	167
184	168
184	169
183	169
182	169
183	163
182	164
181	165
180	166
179	167
178	168
177	169
176	170
175	171
174	172
173	171
172	170
171	169
170	169
169	169
168	169
167	168
166	167
165	166
164	165
163	164
162	164
161	163
160	162
159	161
160	160
159	159
158	158
157	157
156	156
155	156
154	157
153	157
152	158
151	158
150	157
149	156
148	155
148	154
147	153
146	152
145	152
144	152
143	151
142	152
141	151
140	150
141	149
142	148
143	147
144	146
143	145
143	144
142	143
141	143
140	143
139	142
138	142
137	141
136	141
136	140
135	141
134	140
133	140
132	140
131	139
130	138
129	139
128	138
127	137
126	136
125	136
124	137
123	138
123	137
124	136
124	135
124	134
125	133
125	132
126	130
126	129
126	128
127	127
127	126
127	125
126	126
126	127
125	127
124	127
123	128
122	128
121	129
120	128
119	127
119	126
120	125
121	124
122	123
123	122
124	121
125	120
126	120
126	119
127	119
128	120
129	121
130	122
129	123
130	124
130	125
131	126
132	126
133	126
133	127
134	127
135	128
136	128
137	127
138	127
139	126
140	126
141	126
142	125
143	125
144	124
145	124
144	125
143	124
142	123
142	124
141	125
140	125
139	125
138	125
138	124
137	123
136	122
135	122
134	121
133	120
133	119
132	118
131	117
132	116
131	115
130	114
129	114
128	114
128	113
127	113
126	112
125	111
125	110
124	109
125	108
124	107
123	108
122	107
121	106
122	105
123	104
124	103
125	104
126	105
127	106
128	107
129	108
129	109
130	110
131	111
132	112
133	111
134	112
135	113
136	114
136	115
137	116
136	117
137	118
138	118
139	119
140	119
141	118
142	119
143	119
144	120
145	121
146	120
147	121
148	121
149	120
150	119
151	118
152	117
153	116
154	116
155	115
156	114
157	113
158	112
159	112
160	111
161	110
162	109
163	108
164	107
165	106
166	105
167	104
169	101
169	100
170	99
170	98
171	97
172	96
173	96
174	95
175	94
176	94
177	93
178	93
179	92
180	91
181	92
182	91
183	90
184	89
185	90
186	91
187	92
187	93
188	94
189	95
190	96
191	95
192	94
193	93
194	92
195	92
196	92
197	91
198	91
199	91
200	91
201	92
202	93
203	93
204	93
205	94
206	95
207	95
207	96
208	97
209	98
210	99
211	100
212	101
213	102
213	103
214	102
215	101
216	101
215	102
216	103
217	104
218	105
219	106
220	107
221	107
222	107
223	108
224	109
225	110
226	111
227	110
228	111
229	110
230	111
231	111
231	110
230	111
229	112
229	113
228	114
228	115
227	116
226	117
226	118
227	119
227	120
228	121
229	121
230	120
231	120
232	120
232	121
233	122
233	123
232	124
232	125
231	126
231	127
231	128
230	129
230	130
229	130
228	131
227	130
226	129
226	128
225	127
224	126
223	125
222	124
221	123
221	122
220	121
219	121
218	122
218	123
217	125
217	126
216	127
216	128
215	129
215	130
215	131
216	132
217	132
218	133
219	133
220	134
221	134
222	135
223	135
224	136
225	137
226	137
227	138
228	139
229	140
230	141
231	142
232	143
233	143
234	144
235	144
236	145
237	145
238	146
238	147
239	148
240	149
241	150
242	150
243	151
243	152
244	153
245	154
246	155
247	156
248	157
249	157
250	158
251	158
252	159
253	160
254	160
255	160
256	159
255	158
254	157
253	158
252	158
251	159
250	160
249	160
248	161
247	161
248	162
249	163
250	164
249	165
250	166
251	167
252	168
253	168
253	169
254	170
255	171
256	171
255	172
255	173
255	174
256	175
256	176
256	177
255	178
254	179
255	180
254	180
253	180
252	180
251	180
250	180
249	180
248	180
247	179
247	178
247	177
246	178
245	179
244	178
243	177
242	176
241	177
240	176
239	175
239	174
238	173
237	172
236	171
235	172
234	171
233	170
233	169
232	168
231	167
230	167
229	166
228	167
227	168
226	169
225	170
224	171
224	172
224	173
225	172
226	172
227	173
230	171
229	172
228	173
228	174
229	175
230	176
231	175
231	176
231	177
232	177
233	178
234	178
235	179
234	180
233	181
232	182
231	182
230	183
229	183
228	184
227	185
226	185
225	184
224	183
223	182
222	182
223	181
223	180
222	179
221	179
220	178
219	178
218	178
217	177
216	177
215	176
214	175
213	176
212	175
211	176
210	176
209	176
209	177
208	177
207	176
206	175
205	175
204	174
205	173
204	173
203	172
202	172
201	172
200	172
199	171
198	171
197	171
196	171
195	170
194	170
193	170
194	169
197	172
198	173
199	174
199	175
199	176
199	177
200	178
201	179
202	180
203	180
204	181
205	181
206	182
207	183
208	182
209	181
210	180
211	179
212	180
213	181
214	182
215	181
216	182
217	183
218	184
219	184
220	185
221	186
222	186
223	187
224	188
225	189
226	190
227	190
228	191
229	192
230	193
231	194
232	195
233	195
234	196
235	197
236	198
237	198
238	198
239	198
240	198
241	198
242	198
243	198
244	198
245	198
245	197
244	196
243	195
242	195
241	195
240	194
239	193
238	192
239	191
240	190
241	189
242	188
243	189
244	189
245	190
246	189
247	190
248	191
249	192
249	193
250	194
251	193
252	194
253	195
254	196
254	197
255	198
255	199
256	200
256	201
255	202
255	203
254	204
253	204
252	205
251	206
250	207
249	208
248	209
247	210
248	211
247	212
248	212
249	213
250	214
251	214
250	215
249	216
249	217
248	218
248	219
247	220
246	221
246	222
245	223
245	224
246	225
247	225
247	226
248	226
249	227
250	228
251	229
248	228
248	229
247	230
247	231
248	232
248	233
249	234
248	233
247	232
246	231
245	230
244	229
243	228
242	227
242	226
243	225
242	224
242	223
241	222
240	221
239	221
238	220
237	219
236	219
235	220
234	221
233	220
232	221
231	222
230	223
229	224
228	225
227	226
227	227
228	228
229	228
229	229
229	230
230	231
230	230
231	229
232	228
233	227
234	226
235	227
236	228
237	229
236	230
237	231
237	232
238	233
239	234
240	235
241	236
242	236
243	236
244	237
244	238
244	239
244	240
243	241
242	241
241	240
240	239
239	238
238	238
237	237
237	236
236	235
235	235
234	234
233	233
232	233
232	234
231	235
230	234
230	233
229	232
229	231
228	229
227	227
226	225
226	224
225	223
224	224
223	225
222	226
221	227
220	228
221	229
222	230
223	231
223	232
224	233
225	234
226	235
227	236
228	236
229	237
230	238
231	239
232	240
233	241
234	240
235	241
235	242
236	243
237	243
238	244
239	245
240	246
241	245
242	246
243	247
244	248
245	248
246	249
247	250
248	251
248	252
249	253
249	254
250	255
251	254
252	255
253	255
254	256
255	255
256	256
256	255
255	254
255	253
255	252
254	251
254	250
253	250
253	249
254	248
253	248
252	247
251	246
250	246
251	245
250	244
249	243
249	242
248	241
248	242
247	243
246	242
247	240
246	239
247	239
248	238
249	238
250	238
251	237
252	237
253	237
254	236
255	236
256	236
256	237
255	238
256	238
256	239
256	240
255	241
254	240
253	239
252	238
251	236
252	235
253	234
254	233
253	232
254	231
255	231
256	230
256	229
255	228
255	227
256	226
256	225
255	225
254	225
253	224
252	223
251	222
250	221
249	220
248	219
247	218
246	217
245	216
244	216
243	215
242	212
243	211
243	210
244	211
243	212
242	213
242	214
241	213
241	214
240	215
239	216
238	215
237	215
236	214
235	215
234	215
233	214
232	213
231	214
230	213
229	212
228	212
227	211
227	210
226	209
225	210
224	210
223	209
224	208
225	208
226	208
227	207
228	207
229	207
228	206
227	206
226	205
225	204
224	203
223	203
222	202
221	201
220	200
219	200
218	199
217	200
216	199
215	200
214	201
213	202
212	202
211	201
210	202
209	202
208	203
207	203
206	203
205	204
204	205
203	206
202	207
201	208
200	209
200	210
199	209
198	209
197	208
196	208
195	207
194	208
195	209
194	209
193	209
192	208
191	208
190	208
189	208
188	208
187	207
186	207
185	207
184	207
183	207
182	206
181	206
180	206
179	205
178	204
177	204
176	204
175	204
174	205
173	204
172	203
171	202
170	201
169	200
168	201
167	202
166	203
165	204
164	205
164	206
163	207
162	206
161	206
160	205
159	204
158	203
157	202
156	201
155	200
154	200
153	200
152	199
151	198
150	197
149	196
148	195
147	194
146	193
147	192
146	191
145	190
144	190
143	190
142	189
141	188
140	189
139	190
138	191
139	192
140	193
141	194
140	195
141	196
142	197
143	197
144	198
145	199
146	200
147	201
148	202
149	203
150	204
151	204
152	204
153	205
154	206
155	206
156	207
157	208
158	208
159	209
160	209
161	210
162	211
162	212
163	212
164	213
164	214
164	215
165	216
166	216
166	217
167	218
168	219
169	220
169	221
170	219
171	219
172	220
173	219
174	219
175	218
175	217
176	216
176	215
177	214
178	213
179	213
179	212
180	212
181	211
182	211
183	211
184	210
185	210
186	210
185	209
182	210
181	210
180	210
179	209
178	208
177	208
176	209
175	210
174	210
173	211
172	212
171	213
170	212
169	212
168	211
167	210
166	211
165	210
165	209
165	208
164	207
163	204
163	203
162	202
162	201
162	200
161	199
161	198
162	199
163	198
164	199
165	198
166	197
167	196
168	196
169	197
170	197
171	196
172	196
173	197
174	198
174	199
174	200
175	200
175	199
174	198
173	197
173	196
172	195
172	194
171	193
170	192
170	191
171	191
172	192
173	191
174	192
174	193
175	194
176	195
177	196
178	197
178	198
178	199
179	200
180	200
181	201
182	201
183	202
184	202
185	203
186	204
187	205
188	205
189	206
190	207
191	208
191	205
190	204
190	203
189	202
189	201
188	200
187	199
186	198
185	197
184	196
183	195
183	194
182	193
181	193
180	193
179	192
179	191
178	190
177	189
178	188
178	187
177	186
176	186
175	185
174	185
173	186
172	187
171	187
170	188
169	189
169	190
168	191
167	192
166	192
165	192
164	193
163	194
162	194
161	194
160	193
159	192
158	193
157	192
156	192
155	191
154	190
153	189
152	189
151	188
150	187
149	186
148	185
149	184
150	183
151	182
152	182
153	183
153	184
154	184
155	185
156	185
157	185
158	185
159	185
159	186
160	186
161	187
162	187
162	186
163	186
164	185
165	184
166	183
165	182
165	181
164	180
164	179
164	178
164	177
163	176
163	175
163	174
162	174
161	173
160	172
159	171
158	172
157	171
156	171
155	170
154	171
153	170
152	169
151	168
150	168
149	167
149	166
148	165
147	165
146	164
145	164
144	163
143	162
142	161
141	160
140	160
139	159
138	158
138	157
137	156
137	155
136	154
135	153
134	154
133	153
132	152
131	151
130	150
129	151
128	150
127	149
126	148
125	148
124	149
123	150
122	151
121	150
120	150
119	150
118	149
117	149
118	150
118	151
119	152
120	153
121	154
122	154
123	153
124	154
125	153
126	152
127	152
128	153
129	154
130	155
131	156
132	156
133	157
132	158
133	159
134	159
135	160
136	160
137	161
137	162
138	162
137	163
136	164
136	165
135	166
134	167
134	168
133	168
132	169
131	169
130	168
129	167
128	166
127	165
128	164
127	163
126	162
125	161
124	160
123	160
122	161
121	161
121	160
120	161
119	162
118	163
117	164
116	163
115	163
114	162
113	161
112	160
111	159
110	158
109	159
108	158
107	158
106	157
105	156
104	156
103	157
103	158
102	158
101	159
100	159
99	158
98	159
97	158
96	157
97	158
98	158
99	159
101	160
102	160
103	160
104	161
105	161
106	162
107	162
108	163
109	163
110	164
111	164
112	165
113	166
114	167
115	167
116	168
116	169
117	170
118	170
119	171
119	172
119	173
120	174
121	175
121	176
122	177
123	178
124	179
125	180
126	181
125	182
126	183
127	184
128	185
129	184
130	183
131	184
131	183
132	182
133	181
134	180
133	179
132	178
131	177
130	177
129	176
128	175
127	174
127	173
126	172
125	172
125	171
124	170
123	169
122	168
123	167
124	166
125	167
126	168
127	169
128	170
129	170
130	171
131	172
132	173
133	174
134	173
135	174
136	173
137	174
138	174
139	174
140	174
141	175
142	175
143	176
144	176
145	176
146	176
147	175
148	174
147	173
146	172
145	171
145	170
144	169
143	168
142	167
141	167
140	166
139	167
138	166
137	166
135	165
134	164
133	163
132	162
131	161
130	160
129	160
128	159
127	159
126	158
125	157
124	157
123	158
123	159
122	162
122	163
123	162
120	159
119	158
118	157
117	157
116	156
117	155
116	154
116	153
115	152
114	153
113	152
112	151
111	151
110	151
109	150
108	149
107	148
106	149
105	150
104	151
103	152
102	153
101	154
100	155
99	154
98	153
97	153
96	154
95	155
94	155
93	156
92	157
91	158
90	158
89	159
88	160
87	159
87	158
86	157
85	157
84	156
83	155
82	154
83	155
84	156
85	157
86	158
89	161
90	162
91	163
92	163
93	163
94	162
95	162
96	161
97	162
98	163
99	163
100	164
99	165
100	166
101	166
102	167
103	166
104	167
103	168
104	169
105	170
106	170
107	171
108	172
107	173
108	174
109	175
110	176
111	176
112	177
113	177
114	178
113	179
114	180
115	181
114	182
114	183
115	184
116	185
117	186
118	187
119	188
119	187
119	186
120	185
120	184
120	183
121	183
122	183
122	184
121	185
122	186
123	187
124	188
125	189
124	189
123	189
122	189
121	189
121	190
120	191
119	192
120	193
119	194
118	195
119	196
120	197
121	198
122	198
123	199
122	200
123	200
124	201
125	202
126	203
125	204
126	204
127	204
128	205
129	205
130	205
131	206
131	205
131	204
132	205
133	205
134	206
135	207
136	207
135	208
134	209
133	209
132	209
131	210
130	211
129	210
128	211
127	211
126	210
125	210
124	209
123	209
122	208
121	207
120	206
119	205
118	204
117	204
116	203
116	202
115	201
114	201
113	200
112	199
112	198
111	197
110	196
109	196
108	195
107	194
106	193
106	192
105	191
104	191
103	190
102	189
101	188
100	189
99	190
99	191
98	192
97	193
98	194
99	195
98	196
98	195
98	194
98	193
98	192
98	191
99	189
99	188
99	187
99	186
99	185
98	185
98	186
97	187
96	188
95	187
96	185
97	184
96	183
95	184
94	183
95	182
94	181
94	180
93	179
92	178
91	178
90	178
89	177
88	176
87	177
86	178
85	179
84	180
83	181
82	180
81	181
80	182
79	183
78	182
77	183
76	182
75	182
74	181
73	180
72	180
72	179
71	178
72	178
73	179
74	179
75	179
76	179
77	179
78	180
79	180
80	180
79	179
78	178
77	177
76	177
75	176
74	175
73	174
72	173
71	172
70	172
69	171
68	172
67	172
66	172
65	172
64	172
63	171
62	170
61	169
60	169
59	168
58	167
57	166
57	165
56	164
55	163
54	164
53	163
52	163
51	162
50	161
49	160
48	159
47	158
48	157
47	156
47	155
46	154
45	153
44	152
43	152
42	151
41	150
40	150
39	151
38	152
37	151
36	151
35	151
34	150
33	150
32	149
31	149
32	150
34	151
33	152
33	153
34	154
35	155
36	155
37	156
38	157
39	158
40	157
41	158
41	159
42	160
43	161
43	162
44	163
43	164
44	165
45	166
45	167
46	168
47	169
48	170
49	170
50	171
50	172
51	173
52	174
53	173
54	174
55	173
56	172
57	172
58	173
58	174
59	175
60	175
60	176
61	176
61	177
61	178
61	179
62	180
63	179
64	178
65	178
66	179
67	180
68	181
69	182
69	183
70	184
71	185
72	184
73	185
74	186
75	187
76	187
77	188
78	189
79	189
80	190
81	189
82	190
83	191
84	192
85	193
86	194
87	194
88	193
89	194
88	195
89	196
90	196
89	196
88	196
87	196
86	196
85	196
84	196
83	196
82	196
81	195
80	196
79	196
78	196
77	195
76	194
75	193
74	192
73	191
72	191
71	190
70	190
69	191
68	191
67	190
66	190
65	189
64	188
63	187
64	186
63	185
62	184
61	184
60	185
59	184
58	183
57	182
56	181
55	180
55	179
54	179
54	178
53	178
52	179
51	178
50	179
49	180
48	179
47	179
46	178
45	177
44	176
43	175
42	175
41	174
41	173
41	172
41	171
40	172
39	171
38	172
37	173
36	172
37	171
38	170
38	169
39	168
39	167
40	166
40	165
39	165
38	164
37	163
37	162
36	162
36	163
36	164
36	165
36	166
36	167
35	166
34	165
33	164
33	163
32	162
33	161
32	160
31	160
30	159
30	158
29	157
29	156
28	155
27	155
26	154
25	153
24	154
23	155
22	154
21	153
21	152
20	152
20	151
19	150
18	149
17	148
16	147
15	148
14	147
14	146
13	147
12	146
11	147
10	148
9	149
9	150
8	151
7	152
7	153
6	154
5	155
4	156
4	157
3	158
2	159
2	160
1	159
1	160
1	161
2	161
3	161
3	162
4	163
5	164
6	165
7	166
8	167
9	168
10	168
11	169
12	169
13	170
14	171
15	171
16	172
17	173
18	174
19	175
20	176
21	177
22	178
23	179
24	180
25	181
26	182
27	183
28	184
29	185
30	186
29	187
28	188
27	189
26	190
25	191
25	192
24	192
23	191
22	190
21	191
20	191
19	191
18	191
17	190
17	189
16	188
15	187
14	187
13	187
12	186
13	185
12	184
11	184
10	183
9	182
8	181
7	182
6	183
5	184
4	185
3	186
2	187
1	188
1	189
1	190
2	191
3	192
4	193
5	194
6	195
7	196
8	197
9	198
10	198
11	199
12	200
13	200
14	201
15	202
16	203
17	204
18	205
17	205
16	205
15	205
14	206
13	206
12	206
11	206
12	207
11	208
10	208
10	207
9	207
8	206
7	205
6	204
7	203
8	203
9	202
8	202
7	202
6	202
5	201
4	201
3	200
4	202
3	203
2	204
1	205
1	206
2	207
3	208
4	209
5	210
6	211
6	212
7	213
8	214
7	215
6	216
5	217
4	217
3	218
2	218
1	219
2	220
1	221
2	221
3	222
4	223
5	224
6	225
7	226
8	227
9	228
10	229
11	230
12	229
13	230
14	230
15	231
16	231
17	232
18	232
19	233
20	234
21	235
22	236
23	234
24	232
23	231
24	231
25	231
25	232
25	233
26	234
27	235
26	236
25	237
24	237
23	237
24	238
25	239
24	240
25	241
26	241
27	242
28	241
29	242
30	243
31	244
32	244
32	245
33	245
34	246
33	247
32	248
33	248
34	248
35	247
36	248
37	248
38	247
39	246
40	246
41	245
40	244
39	244
38	243
37	243
37	242
36	241
35	240
34	239
33	238
32	238
31	238
30	238
29	237
30	236
30	235
31	234
32	233
32	232
33	231
34	232
35	232
36	233
37	234
38	235
39	236
40	237
40	238
41	239
41	240
42	240
43	239
44	240
45	240
45	241
44	242
43	243
44	243
45	244
46	245
45	246
46	247
47	248
48	249
49	250
50	251
51	251
52	251
53	251
54	251
55	251
56	250
57	250
58	250
57	249
56	249
55	249
55	248
54	248
53	247
52	246
51	247
50	247
50	248
50	249
50	250
50	251
50	252
50	253
50	254
49	255
48	255
48	256
47	256
46	256
45	256
45	255
44	254
45	253
44	252
43	253
42	252
41	251
40	250
41	250
42	249
41	250
40	251
39	252
38	253
37	254
36	255
35	256
34	256
33	256
32	255
31	254
30	254
29	253
30	252
29	251
29	250
28	249
27	249
26	248
27	247
26	246
26	245
25	244
24	245
23	244
22	245
21	244
20	243
19	244
18	245
17	246
16	247
15	247
14	248
13	249
12	250
11	251
10	252
9	253
8	254
7	254
6	254
5	255
4	256
3	256
3	255
2	254
2	253
1	252
2	251
3	251
4	250
5	250
6	249
7	249
8	248
9	248
10	247
11	247
12	246
13	246
11	245
11	246
8	249
8	248
8	247
7	247
6	247
5	246
5	245
4	244
4	243
5	242
6	241
7	240
8	240
9	241
10	242
11	243
12	243
13	242
14	243
15	242
16	241
17	240
18	239
17	238
16	237
15	236
14	237
13	237
12	236
11	235
11	234
10	235
9	234
8	233
7	233
6	233
5	232
4	231
4	230
3	230
3	229
2	228
1	227
1	226
1	225
2	224
3	224
4	224
5	223
6	223
7	223
8	222
9	222
10	222
10	221
11	221
11	222
12	223
13	224
14	225
15	225
16	226
16	227
17	228
18	229
19	230
19	229
19	228
19	227
19	226
19	225
19	224
19	223
19	222
20	221
20	220
20	219
20	218
20	217
20	216
20	215
20	214
20	213
21	214
22	214
22	215
23	216
24	217
25	218
26	219
27	219
28	218
29	219
30	218
31	219
31	218
31	217
30	216
29	215
28	214
29	213
28	212
27	212
27	211
27	210
26	209
25	208
24	207
23	208
22	207
21	207
20	208
19	209
18	210
17	211
16	212
15	212
14	213
13	213
12	214
11	215
12	216
13	217
14	218
15	218
16	219
17	220
18	221
19	221
20	222
20	223
21	224
21	225
22	226
23	226
24	227
25	228
26	229
27	228
28	229
29	228
30	227
31	226
32	225
31	224
32	223
33	222
34	221
35	222
36	222
37	223
37	224
37	225
37	226
38	227
39	228
40	229
41	229
42	230
41	231
42	232
42	233
43	234
44	233
45	234
46	235
47	236
48	236
49	237
50	238
51	239
50	240
51	241
51	242
52	243
53	244
54	244
55	243
56	244
57	245
58	246
59	245
60	246
61	246
62	247
63	248
64	249
65	249
66	250
67	250
68	251
69	250
70	251
71	251
72	252
72	253
73	254
73	255
74	256
75	256
74	256
73	256
72	256
71	256
70	256
69	256
68	256
67	256
67	255
66	256
65	256
64	255
63	256
63	255
62	254
61	254
60	253
59	253
58	254
57	255
56	255
56	254
57	253
57	252
57	251
58	249
58	248
59	247
59	246
60	244
60	243
60	242
59	241
58	240
58	239
57	238
57	237
56	236
57	236
58	236
59	235
60	234
60	235
61	236
61	237
62	238
63	239
64	240
65	241
66	242
67	243
68	243
69	244
70	244
71	245
72	246
73	246
74	247
75	247
76	248
77	249
78	250
79	251
80	252
81	253
82	252
83	253
84	252
85	253
86	252
86	251
86	250
87	249
87	250
88	250
89	251
90	252
91	253
92	253
93	253
93	254
93	255
93	256
94	255
95	256
96	256
97	256
98	256
99	256
100	256
101	256
101	255
100	255
99	255
98	255
97	255
94	252
95	251
94	250
93	249
92	249
91	248
90	247
89	246
88	245
87	246
86	247
85	247
84	248
83	249
82	249
83	248
82	247
83	246
82	245
81	244
81	243
80	242
79	241
78	240
77	241
76	242
75	243
74	244
73	243
73	242
72	241
71	241
70	240
69	239
68	238
67	238
66	237
65	238
64	237
63	236
64	235
64	234
63	233
62	232
61	231
60	230
59	229
58	228
57	229
56	230
55	229
54	228
53	227
52	226
51	225
48	222
47	221
46	221
45	221
46	222
47	222
48	223
49	223
50	224
51	224
52	225
53	225
54	224
55	225
56	224
57	224
57	223
58	224
59	223
58	225
58	226
57	227
57	228
57	229
56	231
56	232
55	233
55	234
55	235
54	234
53	234
52	233
51	232
50	231
49	231
48	230
47	229
47	228
46	227
45	226
44	225
43	224
43	223
43	222
43	221
42	222
41	221
40	220
39	219
38	219
37	218
36	217
36	216
35	215
34	214
33	213
32	212
31	211
32	210
33	209
33	208
32	207
31	206
30	205
29	205
29	204
28	204
27	203
27	202
27	201
26	201
25	200
24	199
23	198
23	199
23	200
23	201
23	202
23	203
23	204
22	204
22	203
21	202
21	201
21	200
20	201
18	200
19	199
20	199
20	198
20	197
19	196
18	195
17	195
16	196
15	195
14	194
13	193
12	194
11	193
10	192
9	191
8	191
7	190
8	189
9	188
10	188
11	187
12	187
13	187
14	187
15	186
16	186
17	186
18	186
19	185
20	185
21	185
21	184
21	183
20	183
19	182
18	181
17	180
16	180
15	179
14	179
13	178
12	179
11	178
10	178
9	177
8	177
7	176
7	175
6	175
6	174
5	174
4	173
4	172
4	171
4	170
5	169
4	169
3	169
2	168
3	167
3	166
4	165
5	164
6	164
7	164
8	163
9	163
10	163
11	162
12	162
13	163
14	164
15	165
16	166
17	167
18	167
19	168
20	169
21	170
22	171
23	172
24	172
25	173
26	174
26	175
27	176
27	177
27	178
28	179
29	179
30	179
31	180
31	181
32	182
33	183
33	184
34	184
35	185
36	185
37	186
38	187
39	188
40	188
41	189
42	189
43	189
42	190
43	191
44	192
43	193
44	194
45	195
46	195
46	196
47	197
48	196
47	197
46	198
45	198
44	199
43	200
42	200
41	199
41	198
42	197
41	196
40	196
39	196
38	195
38	194
37	194
37	193
36	193
35	192
34	191
33	190
32	189
31	189
30	190
29	190
28	191
27	191
27	192
28	193
29	194
29	195
30	196
31	197
32	198
31	199
32	200
33	201
34	202
35	203
36	204
37	205
38	206
37	207
38	208
38	209
38	210
39	211
40	212
39	213
40	214
40	215
41	216
42	217
43	217
44	216
45	216
46	216
47	216
47	217
48	218
49	219
50	218
51	219
52	220
53	221
54	220
55	219
55	218
56	217
55	216
54	215
53	214
52	214
51	213
50	212
49	211
48	210
47	209
46	209
45	210
44	209
44	208
43	207
42	206
45	203
46	202
47	203
48	204
48	205
49	206
50	207
51	208
52	208
53	209
53	210
54	211
55	212
56	212
57	213
58	214
59	215
59	216
58	217
57	218
58	219
59	220
60	221
61	221
62	220
63	219
64	218
65	217
64	217
63	217
62	216
63	215
63	214
62	213
63	212
64	211
63	210
62	209
61	209
60	209
59	210
58	209
58	208
57	207
57	206
56	205
55	204
54	203
53	203
52	202
51	201
50	201
51	200
52	199
53	199
54	198
55	198
56	199
57	198
58	198
59	199
60	200
61	201
62	202
63	202
64	203
65	204
66	205
67	204
68	205
69	206
70	206
70	207
71	207
72	208
73	209
74	210
73	211
74	211
75	212
76	211
77	211
77	212
78	212
78	213
79	213
79	214
80	214
80	215
81	215
82	216
82	217
81	216
80	216
79	215
78	215
77	214
76	214
75	213
74	212
73	212
72	211
71	211
70	210
69	210
68	209
67	209
67	210
68	211
68	212
69	213
70	214
71	215
70	216
71	217
72	217
73	218
74	219
75	220
76	221
77	220
78	219
79	220
80	219
81	220
81	221
82	222
83	222
84	223
83	224
84	225
85	226
86	227
87	228
88	229
89	229
90	230
91	231
92	232
93	233
94	233
95	233
96	233
97	233
98	234
99	235
100	236
101	236
102	237
102	238
103	239
104	240
105	241
105	242
105	243
105	244
105	245
105	248
105	249
105	250
105	251
105	252
105	253
105	254
105	255
105	256
104	255
103	254
102	253
101	253
100	252
101	251
101	250
100	249
99	248
98	247
97	246
96	246
95	245
94	244
93	244
92	243
91	243
90	242
89	241
88	241
87	240
86	239
85	238
84	237
84	236
83	235
82	235
81	234
80	233
79	232
78	231
77	231
76	230
75	229
74	228
73	227
72	227
71	226
70	225
70	224
69	223
68	222
67	221
66	222
65	223
64	224
63	225
63	226
62	227
62	228
63	227
64	226
65	227
66	228
67	229
68	230
69	231
69	232
70	233
70	234
71	234
72	235
73	236
74	237
75	236
76	237
77	236
78	237
79	237
80	238
80	237
79	236
79	235
79	234
78	233
78	232
77	230
77	229
77	228
76	227
76	226
76	225
75	224
75	223
76	224
77	225
78	225
79	225
79	226
80	227
81	228
82	229
83	230
83	231
84	232
85	232
86	233
87	233
88	234
89	235
90	236
91	237
92	237
93	237
94	238
95	238
96	239
97	240
98	241
99	242
100	243
101	243
102	244
103	245
104	245
105	246
105	247
104	248
105	249
104	250
105	251
104	252
105	252
106	252
107	252
108	253
108	254
108	255
109	254
110	254
111	252
112	250
111	250
110	250
109	249
108	249
107	248
106	247
107	246
108	246
109	245
109	244
110	243
111	242
112	243
113	243
114	244
115	245
116	246
117	247
118	248
118	249
119	250
119	251
120	252
121	253
122	253
123	253
124	252
125	253
126	254
127	253
128	252
129	252
130	251
131	251
129	250
128	249
127	248
126	247
125	246
124	245
123	245
122	244
122	243
123	242
124	241
123	240
123	239
122	238
122	237
121	236
120	237
119	237
118	236
117	235
116	234
115	233
114	232
113	231
113	230
112	230
111	229
110	228
109	227
108	226
107	225
106	224
105	224
104	223
103	223
102	223
101	223
100	223
99	222
98	222
97	222
97	221
98	220
99	220
100	220
99	219
98	218
98	217
97	218
96	217
95	216
95	215
94	214
93	213
92	212
93	211
94	210
95	211
96	211
97	212
98	211
99	211
100	212
101	213
102	214
103	215
103	216
104	217
105	218
105	219
106	220
107	221
108	221
108	222
109	223
110	224
111	224
112	225
113	226
114	227
115	226
116	225
117	224
118	223
119	222
119	221
119	220
120	219
121	218
122	217
123	218
124	217
125	217
126	216
127	217
128	216
129	215
130	215
131	216
132	217
132	218
133	219
134	219
135	220
136	221
137	220
138	221
139	222
140	222
141	223
142	224
143	224
144	225
145	226
145	227
146	227
147	228
148	228
149	229
150	228
151	227
152	226
153	225
152	224
151	223
150	222
149	221
148	221
148	220
147	220
146	219
145	218
144	218
143	218
142	217
141	217
140	217
139	217
140	216
141	217
142	217
143	217
142	216
141	215
140	215
139	214
138	213
137	212
136	212
135	213
134	213
133	213
133	214
134	214
134	215
135	216
134	217
133	218
132	219
131	220
131	221
130	222
129	223
128	224
128	225
127	224
126	225
125	225
124	224
123	223
122	222
123	222
124	222
125	221
126	221
127	221
128	221
129	222
130	223
131	224
132	223
133	223
134	224
135	225
134	226
135	227
136	228
136	229
136	230
135	231
134	231
133	232
132	231
131	231
131	230
130	229
129	228
128	229
127	229
126	230
126	229
126	228
126	229
125	230
125	231
124	232
124	233
124	234
124	235
123	236
123	237
123	238
122	239
122	240
121	241
121	242
121	243
121	244
120	245
120	246
119	245
118	244
117	244
116	243
115	242
114	241
113	240
112	239
111	238
110	237
109	236
108	235
108	234
107	233
106	232
105	231
104	230
104	229
103	228
103	227
102	226
101	227
100	226
99	227
98	226
97	227
96	228
95	227
94	226
93	225
92	224
91	224
91	223
91	222
90	221
89	220
88	219
87	218
86	217
86	216
85	215
86	214
85	213
84	212
83	211
84	210
84	209
84	208
85	207
85	206
85	205
85	206
86	207
87	207
88	208
89	209
90	209
91	208
92	207
93	206
92	205
93	205
94	205
95	206
96	206
97	207
98	207
99	208
100	208
100	209
101	209
97	207
93	205
92	204
91	203
90	202
89	201
88	200
87	199
86	198
85	199
84	200
84	201
83	202
82	201
81	202
80	203
79	204
79	205
78	206
77	206
76	205
75	204
74	203
73	203
73	202
72	201
71	200
72	199
71	198
71	197
70	197
69	198
68	198
67	198
66	197
65	196
64	195
63	195
62	194
61	193
60	192
59	193
58	193
57	192
56	191
56	190
55	189
54	190
53	189
52	188
52	187
51	186
50	185
49	184
49	183
50	183
50	184
51	184
51	185
51	186
51	187
52	186
52	185
53	185
54	186
55	186
56	186
56	187
57	187
58	188
59	187
60	188
61	189
61	190
62	190
61	191
60	191
59	192
58	192
57	193
56	194
55	194
54	195
53	195
52	195
51	194
51	193
50	192
49	192
48	191
48	190
47	189
46	188
46	187
46	186
45	185
44	184
43	183
42	182
41	181
40	181
39	180
38	179
37	178
36	177
35	176
34	176
33	176
32	175
31	174
32	173
31	172
30	171
29	170
28	169
27	168
27	167
26	166
25	165
24	165
23	165
22	164
22	163
21	162
20	162
19	161
20	160
19	159
18	158
17	157
16	157
15	157
14	156
13	156
12	156
11	156
10	156
9	155
8	155
7	155
6	155
5	154
4	154
3	153
2	152
2	151
1	150
2	149
1	148
1	147
2	146
1	145
1	144
1	143
2	144
3	145
4	146
5	147
6	147
7	146
8	147
9	148
10	149
11	149
12	150
13	151
14	152
15	153
16	154
17	153
18	153
19	152
22	151
23	151
24	151
25	150
26	150
27	150
26	149
25	148
24	147
23	147
22	147
21	146
20	145
19	144
18	143
17	143
16	142
17	139
16	140
15	141
14	142
13	143
12	144
11	144
10	143
10	142
8	141
7	141
6	140
5	140
4	140
3	139
2	138
2	137
1	138
1	137
1	136
1	135
1	134
2	133
3	132
4	131
5	131
6	131
7	132
8	133
9	133
10	134
9	135
10	136
11	136
12	137
13	136
14	135
15	134
16	133
17	133
18	133
19	134
20	135
19	137
18	138
20	137
21	136
22	137
22	138
23	138
23	139
24	139
25	140
26	140
26	139
27	138
27	137
27	136
27	135
28	134
28	133
28	132
28	131
29	130
29	129
29	128
29	127
30	126
30	125
30	124
30	125
31	125
32	126
33	127
34	126
35	127
36	126
37	127
38	128
39	129
40	130
41	131
42	132
43	133
44	133
45	133
46	134
47	133
48	134
49	135
50	136
51	136
52	137
53	138
54	139
55	139
56	140
57	141
58	142
59	143
60	144
61	143
62	144
63	145
64	146
65	146
66	146
67	146
68	146
69	146
70	146
71	146
70	146
70	147
69	147
69	148
68	149
67	150
66	151
65	151
64	152
63	151
62	151
61	152
60	151
59	150
58	149
57	149
58	148
57	147
55	146
54	145
53	146
52	146
51	146
50	147
49	147
48	148
48	149
47	150
46	150
45	149
44	148
43	147
42	147
41	146
40	146
39	147
38	146
37	145
36	144
35	143
35	142
34	141
33	140
32	139
31	138
30	138
29	138
28	137
27	136
26	135
26	134
25	133
24	132
23	131
22	131
21	130
20	130
19	129
18	129
17	128
16	128
15	127
14	126
14	125
13	124
12	123
11	123
10	122
9	122
8	123
7	124
6	124
5	125
4	126
3	127
2	127
2	126
2	125
3	124
3	123
3	122
3	121
3	120
4	120
5	119
5	118
6	117
7	117
8	117
9	118
10	119
11	119
8	116
7	116
6	115
5	115
4	115
3	114
4	113
4	112
5	111
6	110
7	109
8	109
9	110
10	110
10	109
11	111
11	112
12	113
13	114
14	115
13	116
14	117
15	117
16	118
17	118
18	119
19	120
20	121
21	122
22	123
21	124
22	125
23	126
24	126
25	127
26	128
27	129
28	130
29	132
30	133
31	134
32	133
33	134
34	135
35	136
36	136
37	137
38	137
39	138
40	139
41	140
42	140
43	141
44	142
45	143
45	144
46	145
47	144
48	144
49	144
50	143
51	142
52	143
53	144
56	147
55	148
54	149
53	150
52	151
51	152
51	153
52	153
53	154
54	154
55	155
56	154
57	155
57	156
58	157
59	158
60	158
61	159
62	160
62	161
63	162
64	163
65	164
66	165
67	165
68	165
69	166
70	165
71	165
72	165
73	164
74	165
74	166
75	167
75	168
74	169
75	170
76	171
77	171
78	170
79	171
80	170
81	171
82	172
82	173
83	174
84	174
84	175
84	176
84	177
84	178
85	179
85	180
85	181
85	182
85	183
85	184
86	185
87	186
88	187
89	187
90	188
90	189
91	190
92	191
92	192
93	193
94	194
93	195
92	196
93	197
94	198
94	199
95	200
96	201
97	200
98	200
99	201
99	202
101	203
100	202
100	201
101	200
102	199
103	200
104	199
105	200
106	200
107	201
108	201
109	202
108	203
109	204
110	205
110	206
111	207
111	208
112	209
113	210
107	209
106	208
105	207
104	206
103	205
102	204
103	206
106	210
106	211
107	212
108	213
109	214
110	215
111	215
112	216
112	217
113	218
114	219
115	220
114	221
115	222
115	223
116	224
117	225
118	226
119	227
120	228
120	229
121	230
121	231
122	232
123	233
124	234
125	235
126	234
127	234
128	235
127	236
128	237
129	238
130	238
127	242
126	242
127	243
128	243
129	244
129	243
129	242
130	242
131	241
131	240
131	239
132	238
133	237
134	237
135	238
136	238
137	239
138	239
139	239
139	240
138	240
138	241
139	241
140	241
141	242
142	241
143	241
144	240
143	239
143	238
143	237
142	236
142	235
141	234
141	233
141	232
140	231
140	230
139	231
140	232
140	233
143	236
144	237
145	237
146	238
147	239
148	240
149	241
150	242
151	241
152	242
153	241
154	240
155	239
156	238
157	238
158	237
159	236
160	235
161	236
162	235
163	235
164	236
165	236
166	235
167	236
168	235
169	236
170	235
171	234
172	234
172	233
173	232
174	232
175	231
176	231
177	230
178	230
179	229
180	228
181	227
182	226
183	225
184	224
185	223
186	222
186	223
185	224
184	224
183	223
182	224
181	224
180	224
179	225
178	226
177	225
176	225
175	224
174	225
173	225
172	225
171	224
170	225
170	226
171	227
172	227
172	228
173	227
174	226
175	225
176	224
177	223
177	222
178	221
179	220
180	220
181	219
182	218
183	217
184	217
185	217
186	216
187	215
188	215
189	214
190	213
191	212
192	212
193	212
194	213
195	214
195	215
196	216
197	216
198	217
199	216
200	217
201	218
202	219
203	220
204	221
205	222
206	221
207	220
208	221
209	222
210	223
210	224
211	225
212	226
213	227
215	224
216	225
219	222
218	221
217	220
216	219
215	220
214	220
213	219
212	218
212	217
211	216
210	215
209	214
208	213
207	212
206	216
205	215
204	214
204	213
203	213
202	212
205	212
206	211
207	210
208	209
209	209
210	209
211	209
211	210
213	215
214	214
215	215
216	215
217	216
218	217
219	218
220	218
221	219
221	220
222	221
221	222
220	223
219	224
218	225
217	226
216	227
215	228
214	228
215	229
216	230
216	231
217	231
218	232
218	233
219	234
220	235
221	235
222	236
223	236
224	236
224	237
225	238
226	239
226	240
227	241
228	242
229	243
230	244
231	244
232	245
231	246
232	246
233	246
234	247
234	248
235	249
236	249
237	250
238	250
239	250
240	251
241	250
242	251
243	252
243	253
244	254
244	255
244	256
243	256
242	255
241	255
240	256
239	256
238	256
237	256
236	255
235	254
234	254
233	253
232	252
231	252
230	253
229	252
230	251
229	250
228	249
227	248
227	247
226	246
225	246
224	245
225	244
224	243
223	242
222	241
222	240
221	239
220	239
219	239
218	240
217	240
216	241
215	241
214	242
213	242
212	241
211	240
210	239
209	238
208	238
208	237
207	236
207	235
206	236
205	236
204	236
203	236
202	236
203	237
204	237
205	237
206	238
207	239
210	240
211	242
212	243
213	244
214	245
215	244
216	244
217	245
218	246
219	246
220	246
221	246
222	247
223	248
222	249
223	250
224	251
224	252
225	253
226	253
225	252
223	251
222	250
221	250
220	249
219	249
220	250
219	251
219	252
218	253
217	253
216	252
215	251
214	250
213	249
212	248
211	248
210	247
209	246
208	246
207	245
206	245
205	245
204	244
204	243
203	242
202	243
201	242
200	241
199	240
198	240
197	239
196	238
195	237
194	236
193	235
192	234
191	233
190	232
189	231
188	230
187	229
186	229
185	230
184	231
183	232
182	232
182	233
183	234
184	235
185	236
186	237
187	238
188	239
189	239
190	240
191	240
192	241
193	242
194	243
196	244
197	244
195	245
194	245
193	246
192	246
191	247
190	248
190	249
190	250
191	250
191	251
192	251
193	252
194	252
195	252
195	251
196	250
197	249
198	248
198	247
199	248
200	248
201	249
201	250
202	251
203	252
204	253
205	253
206	254
207	254
208	255
209	254
210	253
211	252
212	253
213	253
214	252
214	251
214	250
214	249
215	248
215	247
215	246
215	245
215	244
215	243
215	242
216	240
216	239
216	238
216	237
216	236
215	237
214	236
213	235
213	234
212	234
211	233
210	232
209	231
208	230
207	229
206	229
205	230
204	231
203	232
202	231
201	231
200	230
199	229
198	228
197	227
196	227
196	228
195	227
194	227
193	226
193	225
192	224
191	223
191	222
192	222
193	221
194	221
195	221
196	221
197	221
198	221
199	222
200	223
201	224
200	225
201	226
202	226
203	226
204	226
205	225
205	226
205	227
206	227
207	226
208	225
209	226
209	225
209	224
209	223
209	222
209	221
209	220
209	219
209	218
209	217
209	216
210	215
210	214
210	213
210	212
210	211
210	210
210	209
210	208
210	207
210	206
210	205
211	206
212	207
213	207
214	208
215	209
216	209
217	210
218	210
219	211
219	212
220	213
220	214
221	215
222	216
223	217
224	217
225	218
226	217
227	216
228	215
229	214
230	213
231	212
232	211
233	211
234	211
235	210
236	210
237	209
238	210
239	209
240	208
241	207
242	206
243	205
244	205
245	204
246	204
247	203
248	202
249	201
250	202
251	201
252	200
253	199
254	198
253	198
252	198
251	198
250	197
249	197
248	197
247	197
247	198
246	199
245	200
244	200
243	201
242	200
241	201
240	202
239	202
238	202
237	203
236	204
235	203
234	203
233	203
232	202
231	203
230	202
229	201
228	201
228	200
227	199
226	198
225	197
224	196
223	195
222	195
221	194
220	194
219	193
219	192
218	191
217	190
216	189
217	187
217	188
215	189
215	188
214	187
213	187
212	187
211	187
210	186
210	185
209	184
208	185
207	186
206	187
205	186
204	185
203	186
202	185
201	184
201	183
200	182
200	183
201	186
200	186
199	186
198	187
197	186
196	186
195	185
194	184
193	183
193	182
192	181
191	180
190	180
191	181
192	181
193	181
194	182
195	182
196	181
197	182
197	181
197	180
196	179
195	178
194	177
194	176
193	175
192	175
191	176
190	177
189	178
188	179
188	180
187	181
186	182
185	182
185	183
186	184
186	185
187	186
187	187
188	187
189	187
190	187
190	188
191	188
191	187
192	186
192	189
192	190
193	191
192	192
193	192
194	192
195	192
196	192
197	192
196	195
194	196
195	196
196	196
197	196
198	195
199	194
200	193
199	192
198	191
199	191
200	190
201	191
201	192
202	191
203	191
204	190
205	191
206	191
207	191
208	190
209	191
210	192
211	193
212	194
213	195
215	196
214	196
209	198
208	197
207	198
206	198
205	197
204	196
203	197
202	197
201	198
200	199
200	200
199	201
198	202
197	203
196	204
195	204
194	203
193	202
192	201
193	200
192	199
193	198
193	197
191	198
190	197
189	196
188	196
187	195
188	194
187	193
186	192
185	191
184	191
183	190
182	190
181	189
180	188
181	187
182	186
183	185
182	184
182	183
181	182
180	181
179	181
178	181
177	180
176	179
175	180
174	181
173	181
172	180
171	180
170	179
169	178
168	178
167	177
166	176
165	177
164	178
163	177
162	178
162	179
161	179
160	180
159	180
158	180
157	181
156	182
155	181
155	180
155	179
154	178
154	177
154	176
153	175
153	174
154	175
156	174
156	175
155	176
156	177
155	178
153	177
152	177
151	178
150	179
149	180
148	181
147	182
146	181
145	181
144	182
143	183
142	182
141	181
140	180
139	180
138	181
137	181
136	182
135	183
134	184
133	185
132	186
131	187
130	188
131	189
131	190
132	191
133	192
133	193
134	194
135	195
136	196
136	197
137	197
138	198
139	199
140	200
141	201
142	201
143	201
144	202
145	203
146	204
147	205
148	206
149	207
150	208
151	209
152	210
153	211
153	212
154	213
155	212
156	213
157	214
158	214
158	215
159	216
159	217
160	218
161	218
162	219
163	220
164	221
164	222
164	223
165	224
166	225
166	226
167	227
167	228
167	229
168	230
169	231
170	232
169	233
169	234
168	236
168	237
167	238
167	239
168	240
169	241
170	242
171	243
170	244
171	245
171	246
172	247
172	248
173	249
174	250
175	251
176	250
177	251
178	251
179	252
180	253
181	254
182	255
183	256
184	256
185	255
186	255
187	254
188	253
187	252
186	251
186	250
186	249
185	248
184	247
183	246
182	245
182	244
181	244
180	243
180	242
179	241
180	240
179	239
178	239
177	238
176	237
175	237
174	238
173	239
173	240
174	241
174	242
174	243
174	242
175	242
175	243
175	244
176	245
177	246
178	247
179	247
179	248
178	249
178	250
177	252
177	253
177	254
176	255
176	256
175	256
174	255
173	256
172	255
171	255
170	255
169	256
168	256
168	255
167	254
167	253
166	252
165	251
164	250
163	251
162	252
161	253
160	254
159	254
158	255
157	256
156	256
155	256
154	255
154	254
153	253
152	252
151	251
150	250
149	249
148	248
147	249
148	250
147	251
146	251
145	251
144	250
143	251
142	252
141	253
140	253
139	252
138	252
137	252
136	252
135	251
134	251
133	252
132	253
131	254
132	252
133	250
132	249
131	248
131	247
132	245
133	243
134	244
135	245
136	246
137	246
138	247
139	247
140	248
141	247
142	246
143	245
144	244
145	245
146	246
147	247
148	247
149	247
150	246
151	245
152	244
153	245
154	245
155	246
156	247
157	247
158	248
159	248
160	249
161	249
162	249
163	249
165	250
166	250
167	250
168	251
169	251
170	251
170	250
169	250
169	249
168	248
167	247
167	246
166	245
165	244
164	244
163	243
162	244
161	245
160	244
159	243
158	242
157	241
156	240
156	239
155	238
154	237
153	236
152	235
152	234
153	233
154	232
155	231
156	230
157	229
158	229
159	230
160	230
161	229
162	230
163	231
163	232
164	232
165	232
164	231
164	230
163	229
162	229
161	228
160	227
159	227
158	226
157	226
158	225
159	224
159	223
158	222
158	221
157	220
156	219
155	218
154	218
153	217
152	216
151	215
150	216
149	215
148	215
147	215
146	214
145	213
144	212
143	211
142	210
141	210
140	209
139	208
138	207
137	206
136	205
135	204
134	203
133	202
132	201
131	200
130	200
129	199
128	198
128	197
129	196
130	195
129	194
128	193
127	192
126	191
125	192
124	193
123	194
122	195
121	194
120	194
119	194
118	193
117	193
116	192
115	191
114	190
113	189
112	189
111	188
110	189
109	188
108	187
109	186
108	185
107	184
108	184
109	184
110	183
110	182
109	182
108	181
107	180
106	179
105	178
105	177
104	177
105	182
106	183
105	183
104	183
103	182
102	181
101	180
100	179
101	178
102	177
101	176
101	175
100	174
99	173
98	172
97	172
96	171
95	170
94	169
93	169
92	169
91	169
90	168
89	168
88	167
88	166
87	165
86	165
85	164
84	163
83	163
82	162
81	162
80	162
79	161
78	160
77	159
76	158
75	158
74	159
73	159
72	160
71	161
70	160
69	160
69	159
70	158
70	157
70	156
70	155
71	154
71	153
71	152
72	151
73	150
74	149
75	150
76	149
77	148
78	147
79	146
80	147
81	147
82	148
83	148
84	149
85	150
86	150
87	151
88	151
88	152
89	152
90	153
91	154
92	154
91	153
91	152
90	151
90	150
91	149
92	149
93	148
94	147
95	146
96	145
96	144
97	143
97	142
97	141
98	142
99	144
100	145
101	145
102	144
103	144
104	144
105	143
106	142
105	141
104	140
103	139
102	138
101	138
100	137
100	136
99	135
98	134
97	133
96	132
95	131
94	130
93	131
92	131
91	132
90	133
89	134
89	135
89	136
90	137
91	138
92	138
93	137
94	137
95	138
96	139
96	140
95	141
94	142
93	143
92	143
91	144
90	144
89	145
88	144
87	143
86	142
85	141
84	140
83	139
82	139
81	138
80	137
79	136
78	137
77	138
76	139
75	139
74	139
73	140
72	141
71	142
70	142
69	141
68	140
67	139
66	138
65	137
64	138
63	138
62	137
61	136
62	135
62	134
61	133
60	132
59	131
58	131
57	132
56	132
55	133
54	133
53	133
53	132
52	131
49	132
50	131
51	130
53	127
54	128
55	128
56	129
57	130
58	130
59	129
58	126
59	127
60	128
61	129
62	129
63	130
64	131
65	132
66	133
65	134
64	133
63	132
62	131
61	130
60	129
58	128
57	127
56	126
55	125
54	124
53	124
52	123
51	124
50	125
50	126
49	127
48	127
47	128
46	127
45	126
44	125
43	124
42	124
41	124
38	123
39	122
40	122
41	121
42	120
43	119
43	120
44	121
45	121
46	121
47	122
48	123
49	124
50	123
51	122
51	121
52	120
52	119
53	118
54	117
54	116
55	115
55	114
56	113
57	112
57	111
58	110
58	109
59	108
60	107
60	106
61	107
62	108
61	109
61	110
63	109
64	109
65	109
66	110
67	111
67	112
68	112
69	112
70	113
71	114
71	115
72	114
73	114
74	113
75	113
76	112
76	111
75	110
74	109
74	108
73	107
72	108
71	109
70	110
70	109
70	108
69	107
68	106
67	106
66	106
65	105
64	104
62	105
63	104
63	103
62	102
61	101
60	102
59	103
58	104
57	105
56	106
55	107
56	108
57	108
59	111
60	112
61	113
62	113
63	114
64	114
65	115
66	116
67	117
67	118
68	119
69	119
70	120
71	121
72	121
73	122
74	121
75	120
76	120
77	119
78	118
79	118
80	117
81	116
82	115
82	114
83	115
84	114
85	115
86	115
87	114
88	113
87	113
86	112
85	111
84	111
83	112
82	113
81	112
80	111
79	111
79	110
78	110
77	109
76	108
76	107
76	106
74	105
73	106
72	105
71	104
70	103
69	102
68	101
67	100
66	99
65	98
66	97
65	97
64	97
63	98
62	98
61	99
60	100
59	99
58	98
57	97
56	96
55	95
55	94
56	95
58	94
57	93
56	93
55	92
55	91
54	90
53	89
52	88
51	87
50	86
49	86
48	85
47	84
46	83
46	82
46	81
45	80
44	79
43	78
42	77
41	76
40	76
39	75
38	74
39	73
40	72
41	71
40	67
41	66
42	67
43	67
44	68
45	69
45	70
46	71
45	72
46	73
47	74
47	75
48	75
49	76
50	77
49	78
48	79
49	80
50	81
51	79
51	78
52	79
53	80
54	81
54	82
55	83
56	84
57	85
56	86
57	87
58	88
59	89
60	90
60	91
61	92
62	93
61	94
60	95
59	95
59	96
58	97
57	98
56	98
55	99
54	99
53	100
52	101
51	102
50	103
49	104
48	105
47	106
46	107
45	108
44	108
43	107
42	106
41	106
40	107
39	106
38	105
37	105
36	105
35	105
34	105
33	105
32	106
31	106
30	106
29	106
28	106
28	105
27	104
26	103
27	102
28	102
29	102
30	102
31	103
32	104
33	103
33	102
34	101
35	100
36	100
37	100
38	99
39	98
40	97
41	96
42	95
43	96
44	95
45	94
46	95
47	96
48	96
49	96
50	95
51	95
51	94
52	93
51	92
50	91
49	90
48	89
47	88
46	88
45	88
44	88
43	88
42	88
41	87
41	86
40	85
39	84
38	83
38	82
37	81
36	81
35	80
34	79
34	80
33	80
32	81
32	80
32	79
32	78
31	77
30	77
31	76
31	75
32	74
31	73
30	72
29	71
28	70
27	71
26	72
25	73
24	72
23	73
23	74
22	75
21	74
20	73
19	73
18	72
18	71
17	70
17	69
18	68
19	67
20	66
21	65
20	64
21	63
22	62
23	62
24	61
25	62
26	61
27	62
28	62
29	62
30	63
31	64
32	65
33	65
34	66
35	67
36	68
37	69
38	68
37	69
36	70
35	70
34	71
33	72
32	72
31	73
30	74
29	75
28	75
27	76
26	77
25	77
24	78
23	79
22	79
21	80
20	81
19	80
18	79
17	79
16	79
15	79
14	78
13	77
13	76
12	75
12	74
11	73
10	74
9	74
8	75
9	76
9	77
9	78
8	77
7	76
6	77
6	76
6	75
6	74
7	73
7	72
7	71
7	70
7	69
7	68
7	67
7	66
7	65
8	64
8	63
8	62
8	61
8	60
7	60
6	59
5	59
4	58
3	58
2	57
1	56
2	55
3	54
4	54
4	53
4	52
5	53
6	54
7	53
8	53
8	54
8	53
8	52
8	51
7	50
7	49
7	48
7	47
6	46
5	45
5	44
4	43
3	42
2	41
3	40
4	39
5	39
6	38
7	37
8	38
9	39
10	40
11	39
12	40
13	41
12	42
13	43
12	44
11	45
10	46
9	47
8	47
8	48
7	49
8	50
9	51
10	52
10	53
11	54
11	55
12	56
13	57
14	57
15	56
16	55
16	54
17	53
18	53
19	52
20	51
21	52
22	52
23	51
24	50
23	50
22	50
21	50
20	50
19	50
18	50
17	50
16	50
15	50
14	50
13	50
13	49
14	48
15	47
16	46
17	46
18	46
19	45
20	45
20	44
21	44
22	44
23	43
24	44
25	45
26	46
27	45
28	44
29	43
30	43
31	43
32	42
33	41
34	41
35	40
34	39
35	38
36	37
37	36
38	36
39	36
40	35
41	34
41	33
42	33
43	34
44	35
45	34
46	35
47	35
48	36
49	37
50	38
51	39
52	40
51	40
50	39
49	39
48	39
47	39
46	38
45	38
44	38
45	39
46	40
47	40
47	41
47	42
48	41
49	42
50	43
51	43
52	43
51	44
52	45
53	44
54	45
55	46
56	47
57	48
58	49
59	49
59	50
60	51
61	52
62	51
63	51
64	52
65	53
65	54
66	55
66	56
67	57
67	58
67	59
68	60
68	61
69	62
69	63
70	63
71	63
72	64
73	64
74	65
74	66
75	67
76	67
77	67
76	68
75	69
74	70
73	70
73	71
72	72
71	71
70	72
69	73
68	74
67	74
66	73
65	73
64	73
65	72
64	71
63	71
62	71
61	71
60	71
60	72
59	71
58	70
57	70
56	69
55	69
54	68
53	67
52	67
53	68
54	69
55	70
55	71
56	72
57	73
58	74
59	75
60	76
61	76
62	77
62	78
63	79
63	80
63	81
64	81
64	82
64	83
64	84
64	85
65	86
64	87
65	88
65	89
66	90
67	91
68	92
67	93
68	94
69	95
70	96
71	97
72	98
72	99
73	100
73	101
74	102
75	101
76	101
77	102
78	103
79	104
80	105
81	105
82	106
81	107
82	106
83	105
84	104
84	103
85	102
86	101
87	100
88	99
88	98
89	97
90	97
90	98
90	99
91	99
91	100
92	101
93	102
92	103
93	104
94	103
95	104
96	105
97	106
98	106
99	107
100	108
101	109
102	110
102	111
103	110
104	111
105	112
106	111
107	111
108	111
109	110
110	110
111	110
112	110
111	109
110	108
109	107
108	106
108	105
107	104
106	103
105	103
104	103
103	103
102	104
102	103
102	102
101	101
100	101
99	100
98	100
97	99
96	98
96	97
96	96
95	95
94	94
95	93
96	92
97	92
98	91
98	90
99	89
100	88
101	88
102	87
103	86
104	86
105	87
106	88
106	89
107	90
108	91
109	92
110	91
111	91
112	92
113	93
114	94
115	95
116	95
117	95
118	96
119	96
120	96
119	96
117	97
116	98
116	99
117	99
118	100
119	101
120	101
121	100
122	99
123	98
124	99
125	100
126	101
127	101
128	102
129	102
130	102
131	102
132	103
133	104
134	105
135	105
135	106
136	105
137	106
138	107
139	108
140	107
141	108
142	107
143	108
144	109
145	110
146	109
147	108
148	107
149	108
150	108
151	109
150	110
149	111
148	112
147	112
148	113
147	114
146	115
145	115
144	116
143	115
142	114
143	114
144	114
143	113
142	112
141	111
140	111
139	111
140	112
140	113
140	112
140	111
140	110
140	109
140	108
140	107
140	106
140	105
140	104
140	103
140	102
140	101
140	100
140	99
140	98
140	97
139	96
138	95
137	94
136	93
135	92
136	91
135	90
134	89
133	88
132	87
131	86
130	86
129	85
128	86
127	86
126	85
125	84
124	83
123	82
123	81
122	80
121	81
120	80
120	79
119	78
120	77
120	76
119	75
118	74
118	73
117	72
116	72
115	72
114	72
113	71
112	72
111	71
111	70
110	69
109	68
108	67
107	67
106	67
105	66
104	65
103	65
102	65
101	64
100	64
99	64
98	64
97	63
96	63
95	62
94	61
93	61
94	60
93	59
92	58
92	59
92	60
91	60
91	61
90	62
90	63
89	64
89	65
89	66
88	67
88	68
87	69
87	70
86	69
85	69
84	70
83	69
82	68
81	68
80	69
79	70
78	71
79	72
78	73
78	74
77	75
76	76
75	76
74	75
74	74
73	73
70	70
69	69
68	69
67	68
66	67
65	66
64	65
63	66
62	67
61	67
60	66
59	66
58	65
57	65
56	64
56	63
55	62
56	61
55	61
54	60
53	59
52	59
51	58
50	58
49	59
48	59
47	59
46	59
45	58
46	57
45	56
46	56
47	56
48	55
48	54
47	53
46	53
45	54
44	54
43	53
42	54
41	53
40	53
39	54
38	55
37	56
36	56
37	57
38	57
39	58
40	59
41	60
42	60
43	61
44	62
45	63
46	64
47	65
48	66
49	67
50	68
49	69
50	70
51	71
51	72
52	73
52	74
53	75
54	76
55	77
56	78
57	78
58	78
59	79
60	80
59	81
59	82
60	83
60	84
61	83
60	84
59	85
59	86
58	87
57	88
57	89
56	90
55	91
54	92
54	93
53	94
52	95
52	96
51	97
50	98
50	99
49	100
48	101
48	102
47	101
48	100
47	100
46	100
45	99
45	100
45	101
45	102
45	103
44	104
44	103
44	102
43	101
42	101
42	100
41	99
41	98
41	97
40	96
40	95
39	94
39	93
38	92
37	92
36	91
35	92
34	93
33	93
32	94
31	95
30	95
29	96
28	97
27	98
26	99
25	100
24	99
23	98
23	97
22	96
23	95
22	95
21	94
22	93
23	93
24	92
25	91
25	90
25	89
26	90
27	90
28	90
29	91
30	90
31	89
32	88
33	87
32	87
31	86
30	85
29	84
28	84
28	83
27	82
26	81
25	82
24	83
23	84
22	85
21	86
20	87
19	88
19	89
18	90
17	89
16	88
15	87
14	86
13	86
12	85
11	85
10	86
9	86
8	87
7	88
8	89
9	90
10	91
11	92
12	93
11	94
10	95
11	96
12	97
13	97
14	96
14	95
15	95
16	96
17	96
18	97
19	98
20	97
18	98
17	99
16	99
15	100
14	100
15	101
16	102
17	103
18	103
19	104
20	103
21	104
22	105
23	106
23	107
24	108
25	109
26	110
27	109
28	110
29	109
30	110
31	111
32	111
33	112
34	113
35	113
36	112
37	113
38	113
39	114
40	115
41	116
40	117
39	118
38	119
37	120
36	120
35	120
34	120
33	119
32	120
31	121
30	121
29	120
28	120
27	119
26	118
27	117
26	116
25	115
24	115
23	115
22	115
22	114
21	113
20	113
19	112
19	111
18	111
17	111
16	111
17	110
17	109
16	109
15	109
14	108
15	107
14	107
13	107
12	107
11	106
10	106
9	105
8	104
7	105
6	104
7	103
8	103
9	102
10	102
11	102
11	101
10	101
9	100
8	99
5	100
3	101
4	100
6	99
7	98
7	97
6	97
6	96
5	95
4	95
4	94
3	93
2	92
2	91
3	90
2	89
2	88
2	87
1	86
1	85
2	84
1	83
1	82
1	81
2	80
5	81
6	82
7	83
8	82
9	82
12	82
12	81
11	81
10	81
4	80
3	79
2	78
2	77
1	76
1	75
2	74
3	73
4	72
5	72
6	71
7	70
8	69
9	68
10	67
11	66
12	65
13	64
14	65
15	64
16	63
17	62
18	61
19	60
20	59
21	58
22	57
23	57
24	56
25	56
26	55
27	54
28	53
29	52
30	51
31	51
32	50
33	49
34	48
35	47
36	48
37	49
38	50
38	51
38	50
38	49
38	48
38	47
38	46
38	45
37	44
37	43
37	42
37	41
37	40
37	39
37	38
38	39
39	40
40	41
41	42
42	43
43	43
44	44
45	45
46	45
47	46
47	47
48	48
49	49
50	49
51	50
52	51
53	52
54	53
55	54
56	55
57	56
58	57
59	57
60	58
61	58
62	59
63	60
64	60
65	59
66	59
67	58
68	57
69	56
70	55
71	55
72	56
73	57
74	58
75	59
76	60
77	60
78	61
78	62
79	63
80	64
81	65
81	64
82	63
82	62
82	61
83	62
84	63
85	62
86	61
87	60
87	61
87	62
88	63
90	64
91	65
92	65
93	66
94	66
95	67
96	67
97	66
98	65
99	64
100	63
101	62
100	61
99	60
98	59
97	58
98	57
97	56
96	55
96	54
95	53
94	52
93	52
92	51
91	51
90	50
89	49
88	48
87	49
86	49
87	50
88	51
89	52
90	53
90	54
89	55
88	56
87	57
86	57
85	57
84	57
83	57
82	56
81	56
80	55
79	54
78	54
77	53
76	52
75	51
75	50
74	49
73	49
72	48
71	49
70	48
69	48
68	48
67	47
66	46
65	47
64	46
63	47
62	46
61	45
60	44
59	45
58	44
57	43
56	42
56	41
55	40
54	39
54	38
55	38
56	37
56	36
57	35
58	34
59	35
60	35
61	34
62	33
63	32
64	31
65	30
66	30
67	31
68	32
69	31
69	32
70	33
71	34
72	33
73	34
74	35
75	36
76	37
77	38
77	39
78	40
78	41
79	42
80	41
81	42
82	43
83	42
84	43
85	44
84	44
83	44
82	44
81	44
80	44
79	44
78	44
77	44
76	44
75	44
74	44
73	43
72	42
72	41
71	40
70	39
69	38
68	37
67	37
66	36
65	35
64	34
63	33
63	32
62	31
63	30
62	29
62	28
61	27
60	26
59	25
58	24
58	23
57	23
56	23
57	22
56	21
55	20
54	19
53	18
52	17
51	16
50	15
49	15
48	14
47	14
46	14
45	13
44	12
43	11
43	10
42	10
41	9
40	8
40	7
41	7
42	6
43	6
44	6
43	5
42	4
41	3
40	2
39	3
38	4
37	5
36	6
35	7
34	7
33	8
33	9
34	10
33	11
34	12
35	13
36	13
37	13
38	14
39	15
40	15
41	15
39	16
36	14
35	14
34	15
34	16
33	17
32	18
31	18
30	19
29	19
28	18
27	18
26	17
25	16
24	16
24	15
23	15
22	15
21	15
20	14
19	14
18	13
17	12
17	13
16	13
15	12
14	11
13	11
12	10
11	10
10	11
9	12
9	13
10	14
11	15
12	16
13	16
14	16
15	17
16	17
17	17
18	18
19	19
20	20
21	19
22	20
23	19
24	20
25	21
26	22
27	23
28	24
29	24
30	24
31	24
32	25
32	26
32	27
33	28
32	29
31	30
30	31
29	30
28	29
27	29
26	30
25	30
24	31
23	31
22	31
21	32
20	33
19	32
18	32
17	32
18	33
18	34
17	35
16	36
15	37
14	38
13	38
15	37
16	37
17	37
18	38
19	39
20	40
21	39
22	38
23	37
24	36
25	35
26	35
27	36
28	37
29	36
30	37
31	36
32	35
33	34
34	34
34	33
35	32
36	31
37	31
38	30
39	29
40	28
41	27
42	26
43	26
44	25
45	24
46	25
47	25
48	27
48	26
49	24
49	25
50	26
51	27
52	28
53	28
54	29
55	29
56	30
57	31
58	31
53	24
53	23
52	22
51	22
50	23
50	22
49	21
48	21
48	20
47	19
46	18
45	18
44	19
43	18
42	18
41	19
40	19
39	20
38	21
37	22
36	22
35	21
34	20
33	20
32	19
31	18
30	17
30	16
29	15
28	14
27	13
26	13
25	12
24	11
23	10
22	10
21	9
20	8
19	7
18	7
17	7
16	6
15	5
14	6
13	5
12	5
11	6
10	5
9	6
8	6
7	7
6	8
5	9
4	10
3	10
2	11
1	11
1	12
2	13
3	14
3	15
4	16
5	17
6	18
7	19
8	20
9	21
9	22
10	23
11	24
12	25
13	24
14	24
14	23
15	24
16	25
17	25
18	26
20	27
22	28
21	28
20	27
19	26
17	27
17	28
16	29
15	29
14	30
13	31
12	32
11	31
10	32
9	31
8	30
7	29
6	28
5	28
4	27
3	27
2	26
2	25
1	26
1	25
1	24
1	23
1	22
2	21
2	20
1	20
1	19
2	18
2	17
3	16
4	14
4	13
5	12
5	11
6	10
6	9
7	8
7	7
8	5
9	4
9	3
10	2
10	1
11	1
12	2
13	1
14	2
15	1
16	1
17	2
18	2
19	1
20	1
21	2
21	1
22	1
23	1
24	1
23	2
24	3
25	4
26	3
27	4
27	5
28	6
29	7
30	8
31	7
32	6